1 0.0834593095703125 0.40281049740596625 0.0795225498046875 0.38796130479896235 0.07464096728515625 0.37959556225680935 0.06881456298828124 0.3804321361867704 0.07070420751953126 0.39298074967574576 0.07621567138671875 0.400091630998703 0.07920760888671875 0.405320219844358 0.0834593095703125 0.40281049740596625
9 0.09526958935546875 0.42330656614785994 0.09023053662109375 0.4107579526588846 0.094009826171875 0.40971223476005186 0.09164777001953126 0.39820933916990925 0.08771101025390625 0.3952813294422828 0.0845616025390625 0.39611790337224384 0.08566389501953126 0.4107579526588846 0.08865583251953126 0.42142427431906615 0.0935374150390625 0.4268620064850843 0.09526958935546875 0.42330656614785994
9 0.1134025439453125 0.4168224118028534 0.1178191376953125 0.4254487029831388 0.1227553310546875 0.42596628080415044 0.1240543291015625 0.4168224118028534 0.1239244296875 0.40422802594033724 0.1283410234375 0.40043245784695203 0.1245739287109375 0.3900809079118029 0.11911813623046875 0.38835564915693904 0.11223344580078125 0.3912885881971465 0.10859625048828125 0.3997423540856031 0.1084663505859375 0.409921378080415 0.111454046875 0.409576326848249 0.1134025439453125 0.4168224118028534
9 0.07806979248046875 0.3450516653696498 0.07677079443359375 0.33452758949416345 0.077939892578125 0.33280233138780807 0.0759913955078125 0.32745403047989624 0.07157480126953125 0.3262463495460441 0.0679376064453125 0.32969686640726326 0.0675479072265625 0.33728800259403374 0.07001600341796875 0.337460528534371 0.07027580322265625 0.34660439753566796 0.07806979248046875 0.3450516653696498
7 0.0862534814453125 0.31831016147859925 0.09300827197265625 0.3152046964980545 0.09235877294921875 0.30519819779507135 0.09612586767578125 0.3110640765239948 0.09586606787109375 0.3045080946822309 0.0924886728515625 0.29898726783398183 0.08963087646484375 0.29691695784695205 0.08690298046875 0.29967737159533075 0.0844348837890625 0.2995048456549935 0.0822265869140625 0.3067509306095979 0.08209668701171875 0.30985639559014266 0.085993681640625 0.3133069118028534 0.0862534814453125 0.31831016147859925
9 0.1410712060546875 0.3628218261997406 0.138083509765625 0.348502182230869 0.1349659140625 0.3476395525291829 0.13314731689453124 0.348847233463035 0.13314731689453124 0.36075151621271073 0.13600511279296876 0.36144161932555124 0.1370443115234375 0.3685151783398184 0.1410712060546875 0.3628218261997406
7 0.14587749951171874 0.3997423540856031 0.14782599658203124 0.40336539688715956 0.15406118798828125 0.40250276783398187 0.1539312880859375 0.40698843904020754 0.158217982421875 0.406298335927367 0.15678908447265624 0.38611281322957197 0.15380138818359376 0.37593378923476 0.1513332919921875 0.37282832425421536 0.14938479443359376 0.37610631517509724 0.1463970986328125 0.3774865220492866 0.14483830078125 0.376968944228275 0.143929001953125 0.3849051329442283 0.14288980322265624 0.394911630998703 0.142110404296875 0.39956982814526587 0.14587749951171874 0.3997423540856031
7 0.16523257275390624 0.39870719909208824 0.17406576025390624 0.39284132101167313 0.173286361328125 0.3852501841763943 0.16964916650390624 0.37093054020752264 0.16627177099609375 0.37075801426718547 0.16302427587890625 0.3719656952010376 0.16211497705078126 0.38197219325551235 0.16120567822265625 0.3890457529182879 0.162244876953125 0.3969819409857328 0.16523257275390624 0.39870719909208824
7 0.163543875 0.3198628936446174 0.1641933740234375 0.3108915505836576 0.1601664794921875 0.3041630428015564 0.15678908447265624 0.3003674747081712 0.154580787109375 0.30054000064850844 0.1535415888671875 0.3022652587548638 0.15250239013671876 0.3105464987029832 0.15432098779296874 0.3207255226977951 0.15782828271484375 0.3238309876783398 0.163543875 0.3198628936446174
7 0.17120796435546876 0.30088505188067444 0.1793916533203125 0.29691695784695205 0.1793916533203125 0.2901884507133593 0.1815999501953125 0.2836324688715953 0.1779627548828125 0.27724901297016863 0.17458535986328125 0.28018195201037616 0.17055846533203126 0.2781116420233463 0.16718106982421874 0.28294236575875487 0.1669212705078125 0.29277633787289237 0.16899966748046874 0.29346644163424124 0.17120796435546876 0.30088505188067444
9 0.2781155170898437 0.31831016147859925 0.27772581787109374 0.3253837204928664 0.28266201123046875 0.327281504539559 0.28526000732421875 0.3110640765239948 0.2882477036132812 0.3105464987029832 0.28603940625 0.32572877172503245 0.2903261005859375 0.3222782555123217 0.28980650146484377 0.31503217055771726 0.2881178037109375 0.2995048456549935 0.2840909091796875 0.2924312866407263 0.28201251171875 0.2922587607003891 0.28019391455078124 0.29691695784695205 0.2773361181640625 0.29777958690012973 0.27525772119140623 0.29570927691309984 0.2738288232421875 0.29622685473411153 0.27278962451171873 0.3020927328145266 0.274088623046875 0.31261680869001296 0.2760371201171875 0.31227175680933855 0.2781155170898437 0.31831016147859925
9 0.3063037783203125 0.34625934630350197 0.3165658642578125 0.3453967172503242 0.3143575673828125 0.3300419176394293 0.3134482685546875 0.31692995460440987 0.3103306728515625 0.3152046964980545 0.3046150810546875 0.318137635538262 0.30552437939453125 0.3253837204928664 0.30708317724609374 0.3259012976653697 0.3063037783203125 0.34625934630350197
9 0.33345284130859376 0.3084761887159533 0.332413642578125 0.31675742866407264 0.332023943359375 0.31969036770428017 0.33760963525390625 0.31917279053177694 0.3383890341796875 0.3119267055771725 0.334621939453125 0.3041630428015564 0.3343621401367188 0.2993323197146563 0.33072494482421877 0.29605432879377436 0.32448975341796876 0.3007125265888457 0.32760734912109374 0.31969036770428017 0.3295558466796875 0.3198628936446174 0.3304651455078125 0.30864871465629057 0.33345284130859376 0.3084761887159533
9 0.36592779638671874 0.31434206679636834 0.36852579296875 0.31175417963683527 0.3660576962890625 0.305715775616083 0.36281020068359376 0.3026103106355382 0.3544966123046875 0.3083036627756161 0.3567049091796875 0.32055299675745785 0.35826370703125 0.33124959857328146 0.36553809716796876 0.33124959857328146 0.36592779638671874 0.31434206679636834
5 0.3612594287109375 0.22993587613488975 0.36364310546875 0.22641824448767833 0.3637313896484375 0.2232523754863813 0.36611506640625 0.22243159468223084 0.36540879150390626 0.21750690985732812 0.36223055615234373 0.21621711154345008 0.3587874677734375 0.21680338326848247 0.35658035986328124 0.22243159468223084 0.35825776171875 0.22407315629053176 0.3586108994140625 0.22888058625162128 0.3612594287109375 0.22993587613488975
9 0.38297737109375 0.21070615499351492 0.38465477294921874 0.2211417963683528 0.3855376162109375 0.22512844552529182 0.38659702783203126 0.2230178664072633 0.387303302734375 0.21703789234760054 0.390569822265625 0.21481005836575873 0.39268864599609377 0.2152790765239948 0.3925120771484375 0.2087128300907912 0.3886275673828125 0.20671950518806745 0.384831341796875 0.20789204928664073 0.38297737109375 0.21070615499351492
7 0.3865087436523437 0.243068369001297 0.38836271435546876 0.24646874643320363 0.39286521435546873 0.24599972892347602 0.395513744140625 0.24224758819714654 0.3943660478515625 0.23450879766536967 0.3941894794921875 0.23263272762645915 0.396131734375 0.23181194682230868 0.3941894794921875 0.22536295460440986 0.3906581064453125 0.2247766828793774 0.38765643994140625 0.22501119130998704 0.3849196259765625 0.22700451621271076 0.3855376162109375 0.2321637094682231 0.3870384497070313 0.23568134176394295 0.3865087436523437 0.243068369001297
7 0.4174965390625 0.2258319721141375 0.4192622255859375 0.22137630479896236 0.4192622255859375 0.21633436575875484 0.42120448046875 0.21609985732814527 0.41961536279296874 0.21293398832684823 0.41520114697265625 0.21176144422827498 0.41219947998046874 0.21223046173800258 0.41131663720703127 0.21434104085603115 0.410522078125 0.21821043644617383 0.41264090185546876 0.22055552399481193 0.41334717626953127 0.22653549870298315 0.4174965390625 0.2258319721141375
7 0.4379785009765625 0.22196257717250326 0.4365659521484375 0.21821043644617383 0.43850820703125 0.21633436575875484 0.4371839423828125 0.20941635603112843 0.4352416870117187 0.2087128300907912 0.4303860498046875 0.20953361089494163 0.42826722607421874 0.21316849740596627 0.42959149072265623 0.21879670817120622 0.43012119677734373 0.2258319721141375 0.43709565771484377 0.22512844552529182 0.4379785009765625 0.22196257717250326
7 0.438684775390625 0.2382609383916991 0.44389355029296873 0.23931622827496757 0.44936717822265626 0.23966799092088198 0.44768977587890624 0.23228096433203632 0.45060315869140627 0.23028763942931257 0.4480429130859375 0.22360413878080412 0.4441584033203125 0.22219708560311283 0.44098016796875 0.22266610311284046 0.43815506982421876 0.22571471789883268 0.43630109912109377 0.23181194682230868 0.43877306005859373 0.23274998184176393 0.438684775390625 0.2382609383916991
7 0.44830776611328127 0.2125822250324254 0.4548408056640625 0.2136375149156939 0.454752521484375 0.2103543916990921 0.45395796240234376 0.2047261802853437 0.4564299233398437 0.20390539948119324 0.4542228154296875 0.20120854863813228 0.44963203076171876 0.2001532587548638 0.4452178149414063 0.20378814526588843 0.4455709521484375 0.20636774189364462 0.44760149169921876 0.206133233463035 0.44830776611328127 0.2125822250324254
9 0.4642872275390625 0.2323982185473411 0.472850806640625 0.23146018352788586 0.47196796337890623 0.2245421738002594 0.47187967919921875 0.22184532230869 0.47443992431640625 0.22137630479896236 0.47187967919921875 0.21398927821011673 0.46702404150390625 0.21445829571984434 0.4641106591796875 0.21551358495460443 0.46013786474609375 0.22243159468223084 0.46269810986328125 0.2243076647211414 0.464022375 0.22723902464332038 0.4642872275390625 0.2323982185473411
9 0.477794728515625 0.24658600064850844 0.48309178759765625 0.24670325486381325 0.48265036572265624 0.2382609383916991 0.4852988955078125 0.23685388586251624 0.48379806201171877 0.23028763942931257 0.48000183642578126 0.23028763942931257 0.4758524731445313 0.23005313035019453 0.47373364990234373 0.23861270168612192 0.476117326171875 0.23884721076523993 0.4760290419921875 0.24271660570687417 0.477794728515625 0.24658600064850844
3 0.4935093369140625 0.22372139299610894 0.49262649365234373 0.21457554993514916 0.49553987646484376 0.21187869844357976 0.49492188623046873 0.20507794357976653 0.4927147783203125 0.20554696108949416 0.49253820947265625 0.21011988261997408 0.49077252294921875 0.21246497081712062 0.4888302680664062 0.21082340920881973 0.48167923828125 0.21305124254215305 0.4817675224609375 0.2198519980544747 0.4830035029296875 0.22548020881971464 0.4908608076171875 0.22618373540856032 0.4935093369140625 0.22372139299610894
9 0.5082528178710938 0.2538557736705577 0.5067519848632812 0.24682050972762645 0.51045992578125 0.24529620233463034 0.5082528178710938 0.23744015758754863 0.5048097294921875 0.23509506939040206 0.49854154296875 0.23591585019455252 0.49739384716796875 0.2445926757457847 0.49951267041015623 0.2613600551232166 0.5099302202148438 0.26065652853437093 0.5082528178710938 0.2538557736705577
7 0.5693455659179687 0.23673663099870298 0.570316693359375 0.243068369001297 0.5698752719726563 0.24940010635538262 0.5755254682617188 0.24998637808041504 0.5817053706054688 0.24928285214007784 0.5800279682617188 0.2383781926070039 0.582676498046875 0.23755741180285345 0.5820585078125 0.2306394027237354 0.5780857133789062 0.22770804280155643 0.57340664453125 0.22641824448767833 0.569080712890625 0.22911509533073932 0.5660790463867188 0.23509506939040206 0.5683744384765625 0.23755741180285345 0.5693455659179687 0.23673663099870298
9 0.6115454697265625 0.24259935149156936 0.6138408623046875 0.24283385992217899 0.613929146484375 0.23919897341115434 0.6127814501953125 0.236971140077821 0.6153416958007812 0.23685388586251624 0.6138408623046875 0.22852882360570687 0.6098680678710937 0.22677000713359274 0.6062484106445313 0.22571471789883268 0.604482724609375 0.22618373540856032 0.6020990478515625 0.22981862191958496 0.6036881655273437 0.23532957846952013 0.6054538520507813 0.24084053501945524 0.6115454697265625 0.24259935149156936
9 0.6473889028320312 0.24822756225680936 0.6537453740234375 0.2510416679636835 0.656923609375 0.2495173605706874 0.6558641977539063 0.2429511141374838 0.6559524819335938 0.2384954474708171 0.6585127270507812 0.23802642996108953 0.6568353251953125 0.2335707626459144 0.6527742465820312 0.23134292866407263 0.6483600302734375 0.23122567444876782 0.6457115009765625 0.23286723605706874 0.6448286577148438 0.2384954474708171 0.6473006186523438 0.23943348249027238 0.6473889028320312 0.24822756225680936
9 0.507811396484375 0.4834398865110246 0.5099302202148438 0.49375827367055775 0.51090134765625 0.500793537613489 0.5131967397460937 0.5078288015564202 0.5202594853515625 0.5091185998702983 0.5256448286132812 0.5034903884565499 0.5292644858398438 0.4922339662775616 0.5282933583984375 0.47886696498054476 0.5259979658203126 0.4644446738002594 0.5220251713867188 0.45729215564202336 0.5167281127929687 0.4595199889753567 0.5108130634765625 0.46221684046692607 0.505339435546875 0.46678976199740596 0.50101350390625 0.4751148242542153 0.5057808569335938 0.4782806926070039 0.507811396484375 0.4834398865110246
9 0.4885654150390625 0.5203750220492867 0.490507669921875 0.5258859785992218 0.49933610205078127 0.5287000843060959 0.5070168374023437 0.5262377418936447 0.5100185043945312 0.5177954254215305 0.5069285532226563 0.5022005901426719 0.5049862983398438 0.49117867704280155 0.499600955078125 0.48426066731517514 0.49439218017578124 0.4849641939040208 0.48697629736328124 0.4900061329442283 0.48618173876953125 0.4921167120622568 0.4801784047851563 0.4986829584954604 0.47885414013671873 0.5107601614785993 0.48556374853515627 0.5139260298313878 0.4885654150390625 0.5203750220492867
2 0.47443992431640625 0.5656352198443579 0.479030708984375 0.5713806854734111 0.48309178759765625 0.5693873605706874 0.482297228515625 0.5607105350194552 0.4854754638671875 0.5576619208819714 0.483356640625 0.5427706121919584 0.4871528662109375 0.5442949195849546 0.49006624853515623 0.5372596556420234 0.4904193857421875 0.5292863566796369 0.47267423779296874 0.5247134351491569 0.4732922280273438 0.5472262795071335 0.4721445322265625 0.5534407626459145 0.47443992431640625 0.5656352198443579
2 0.4503383056640625 0.6042119169909209 0.46455208056640623 0.5923692230869002 0.464198943359375 0.5873272840466927 0.46208011962890627 0.5827543625162127 0.4595198745117188 0.5806437833981841 0.45537051171875 0.5802920201037614 0.44892575634765625 0.5854512133592736 0.4469835014648437 0.5957696005188068 0.44689521728515624 0.6039774085603113 0.4503383056640625 0.6042119169909209
9 0.39054039404296875 0.7331839390402075 0.412605587890625 0.7250933852140078 0.4315572880859375 0.7193401031128404 0.43737816748046876 0.7072941679636836 0.43033896484375 0.6788873352788586 0.4241119775390625 0.6474240719844357 0.4151776044921875 0.630523804150454 0.4078676630859375 0.6298046439688716 0.40556638525390626 0.6422101595330739 0.3955490576171875 0.653716724383917 0.3897281787109375 0.6578518962386511 0.3809291748046875 0.6670211900129702 0.378086419921875 0.6821235570687418 0.38580246923828126 0.7049568968871596 0.39054039404296875 0.7331839390402075
8 0.25002707373046873 0.7896380233463035 0.2619395712890625 0.8108532529182879 0.27019709765625 0.8148086342412451 0.27953757861328127 0.8040212295719844 0.28238033349609376 0.7923348748378729 0.2867121508789062 0.8000658482490273 0.2900963828125 0.8070776614785993 0.304580896484375 0.8094149319066148 0.31040177587890627 0.8056393404669261 0.3070175439453125 0.7926944546044099 0.30106129541015625 0.7919752944228274 0.29848927880859377 0.7741760771725033 0.29483430810546873 0.7565566491569391 0.2890134287109375 0.7452298741893645 0.2799436865234375 0.7331839390402075 0.2638347412109375 0.7227561147859922 0.25625406103515624 0.7348020499351492 0.2509746586914062 0.7513427367055772 0.24731968798828124 0.7745356569390403 0.25002707373046873 0.7896380233463035
2 0.6638252006835937 0.4082947062256809 0.6509651186523437 0.4310681160830091 0.6607632763671875 0.4644148949416342 0.6797472075195312 0.4839349604409857 0.6821967470703125 0.5067083702983138 0.7036302172851563 0.5319217885862516 0.711591220703125 0.4871883047989624 0.7189398393554688 0.4644148949416342 0.7177150693359375 0.44245482101167316 0.7360866157226562 0.4156147308690013 0.7379237705078125 0.398534673151751 0.7244513032226563 0.3871479682230869 0.687095826171875 0.39446799286640727 0.6638252006835937 0.4082947062256809
2 0.6142220263671875 0.6718155920881971 0.6350431118164063 0.6872689773022049 0.6742357436523437 0.6880823138780805 0.6901577504882812 0.6840156335927368 0.6950568291015625 0.6571755428015564 0.7109788359375 0.6636822315175097 0.7293503823242188 0.6474155103761349 0.7177150693359375 0.6238287645914397 0.69811875390625 0.599428682230869 0.6840339018554688 0.5921086575875487 0.6754605131835938 0.610002051232166 0.6607632763671875 0.669375584306096 0.6405545756835938 0.6701889202334631 0.6350431118164063 0.6360288054474709 0.6405545756835938 0.5823486245136187 0.61912110546875 0.5880419773022049 0.60993533203125 0.6230154280155642 0.61912110546875 0.6360288054474709 0.6142220263671875 0.6718155920881971
2 0.8285567314453125 0.409921378080415 0.8340681953125 0.3871479682230869 0.8328434252929687 0.3538011893644617 0.8181461884765625 0.3472945012970169 0.800999412109375 0.34810783722438393 0.7918136391601562 0.3822679520103761 0.80038702734375 0.38796130479896235 0.802224181640625 0.4066680343709468 0.8285567314453125 0.409921378080415
2 0.8487654321289062 0.4034146900129702 0.8555016655273437 0.37657459987029834 0.8475406625976563 0.3472945012970169 0.8322310405273438 0.3505478456549935 0.835905349609375 0.37738793579766533 0.8371301196289063 0.41317472243839165 0.8487654321289062 0.4034146900129702
2 0.8824466000976563 0.37820127172503243 0.8848961396484375 0.33997447665369646 0.8708112875976562 0.3367211322957198 0.8622378994140625 0.359494542153048 0.8616255141601562 0.37820127172503243 0.869586517578125 0.40178801750972765 0.8824466000976563 0.37820127172503243