2 0.5298633452148438 0.43547347265624997 0.5312250009765624 0.4445511790364583 0.5300902880859375 0.46028586718750003 0.530771115234375 0.4627065891927083 0.5327747045898438 0.46484375 0.5432323364257813 0.46484375 0.5457493295898438 0.45968068749999996 0.5489265263671875 0.44515635872395837 0.55078125 0.4389739446614583 0.55078125 0.4226844453125 0.5496073540039063 0.4173180625 0.5475648706054688 0.4112662591145833 0.5405296489257813 0.4112662591145833 0.5355369111328125 0.4088455377604167 0.5325866567382812 0.4073325872395834 0.530771115234375 0.41247662044270833 0.528501689453125 0.42427763671875 0.5298633452148438 0.43547347265624997
7 0.5475138081054688 0.46032936458333334 0.5427480126953125 0.46789411848958334 0.5402516440429688 0.475761462890625 0.539343873046875 0.48725988997395836 0.540705529296875 0.49633759505208336 0.5447904965820313 0.49845572591145837 0.5468329799804688 0.5023893990885416 0.55273348828125 0.5178214967447917 0.5567636206054688 0.51953125 0.5596076826171875 0.51953125 0.5674847592773438 0.5178214967447917 0.5763355219726563 0.511164513671875 0.57763671875 0.4995983203125 0.57763671875 0.498756373046875 0.5756546938476562 0.4887728404947917 0.5742930380859375 0.47364333203125003 0.5742930380859375 0.46123713541666667 0.5715697265625 0.46365785611979166 0.5690733579101562 0.46849929947916663 0.5565915131835938 0.46940706966145834 0.55273348828125 0.4666837578125 0.5475138081054688 0.46032936458333334
5 0.5215876376953125 0.5384114583333334 0.5293227431640625 0.5384114583333334 0.5335258095703125 0.5335383372395833 0.5419226870117188 0.5268813541666667 0.54296875 0.5232948528645833 0.54296875 0.5204067682291666 0.5391993754882812 0.5132647962239584 0.5342066376953125 0.5165932877604167 0.5285330717773438 0.5168958776041667 0.522859505859375 0.51719846875 0.516278169921875 0.5247632233072916 0.5171859399414063 0.5326305677083333 0.5196823095703125 0.5380771901041667 0.5215876376953125 0.5384114583333334
7 0.5198672329101562 0.5104166666666666 0.5199876171875 0.5104166666666666 0.5222226484375 0.508926646484375 0.5215418198242188 0.5004541217447916 0.5215418198242188 0.49440231835937504 0.5249459599609375 0.4880479244791667 0.5301656401367187 0.4826013014322917 0.5301656401367187 0.47503654687499997 0.5222477397460937 0.4680989583333333 0.5221969985351562 0.4680989583333333 0.5158682548828125 0.47352359635416663 0.5115563442382812 0.47473395703125004 0.5070174916992187 0.480180580078125 0.5079252622070313 0.487442744140625 0.5074713774414062 0.49682303971354164 0.5074713774414062 0.5037826132812501 0.5165490825195312 0.5095318268229166 0.5198672329101562 0.5104166666666666
9 0.4373020556640625 0.515625 0.4469630991210938 0.515625 0.4512888037109375 0.5128785208333334 0.447430779296875 0.502287865234375 0.44811160693359375 0.4983541927083333 0.455078125 0.4938505852864583 0.455078125 0.4841372923177083 0.44992714794921873 0.4777780611979167 0.4465702890625 0.4752604166666667 0.44567906396484375 0.4752604166666667 0.4417572133789063 0.4765677005208333 0.43767224609375 0.48261950390624997 0.43517587744140623 0.49199979947916667 0.42791371337890627 0.49018425846354163 0.4270059428710937 0.5025904550781249 0.429275369140625 0.5128785208333334 0.436537533203125 0.5156018326822916 0.4373020556640625 0.515625
7 0.6391490698242187 0.4485677083333333 0.6402556630859375 0.4485677083333333 0.6474609375 0.43649029492187497 0.6474609375 0.41384399609375006 0.643243697265625 0.4134114583333333 0.6421976440429688 0.4134114583333333 0.6374350380859375 0.41514331510416663 0.6333500708007812 0.42180029817708337 0.6313075869140625 0.42301065950520833 0.6281303901367188 0.4205899375 0.624953193359375 0.429062462890625 0.6258609638671875 0.44449456184895836 0.6326692426757813 0.4475204635416667 0.6391490698242187 0.4485677083333333
9 0.6659348076171875 0.33203125 0.6670381938476563 0.33077023763020835 0.6686280390625 0.32610669140625 0.67138671875 0.32045796549479166 0.67138671875 0.31246190104166666 0.6701118950195313 0.3095722994791667 0.667568142578125 0.3095722994791667 0.6638585029296875 0.31155077408854165 0.6613147504882813 0.3143771653645833 0.663222564453125 0.32059522721354167 0.6634345439453125 0.327237248046875 0.6653780581054688 0.33203125 0.6659348076171875 0.33203125
9 0.6527736196289062 0.3429754798177083 0.6578611245117187 0.34099700651041664 0.6593449794921875 0.3383119342447916 0.66259765625 0.32766680989583336 0.66259765625 0.3268650475260417 0.656907216796875 0.3268650475260417 0.6549994033203125 0.32050566601562497 0.653621537109375 0.32121226432291666 0.6490639794921875 0.32601713020833334 0.6485340322265625 0.3356268619791667 0.6478112104492187 0.34375 0.648873359375 0.34375 0.6527736196289062 0.3429754798177083
2 0.42024518505859376 0.521484375 0.42465047607421874 0.5194511634114584 0.42158293359375 0.513473388671875 0.42453249365234375 0.5084394720052083 0.4248046875 0.5060545358072916 0.4248046875 0.500079802734375 0.422644775390625 0.49569737239583334 0.4147399541015625 0.4917646256510417 0.41049258740234373 0.49742778125000003 0.41002065771484375 0.5038774856770833 0.41190837646484374 0.5107991204427084 0.4132061826171875 0.5194511634114584 0.4170184541015625 0.521484375 0.42024518505859376 0.521484375
2 0.444076173828125 0.529289138671875 0.443604244140625 0.5396715904947916 0.44443012109375 0.550368662109375 0.4520041669921875 0.5579427083333334 0.46086577734375 0.5579427083333334 0.46106564013671875 0.5579195358072917 0.4625994111328125 0.5467505351562499 0.4666108134765625 0.5393569700520834 0.4696783559570312 0.5458066751302083 0.4736328125 0.544255908203125 0.4736328125 0.5339744290364583 0.46873449658203126 0.5255137018229167 0.46448713037109374 0.5214236451822917 0.4587059921875 0.5151312499999999 0.4531608193359375 0.5140300807291667 0.44443012109375 0.5162324192708333 0.44053670166015624 0.5207944055989583 0.442188455078125 0.5264575611979166 0.444076173828125 0.529289138671875
9 0.0592793251953125 0.4654947916666667 0.0608099013671875 0.4654947916666667 0.0624194384765625 0.46460496614583335 0.0646977998046875 0.45923816015625 0.06720399658203124 0.45569404296875 0.0673558876953125 0.4508335390625 0.07080078125 0.44849191210937495 0.07080078125 0.44213328515625 0.06963424853515625 0.43746715429687505 0.0675077783203125 0.43392303710937496 0.06530536279296875 0.4326066510416667 0.06128025830078125 0.4369608522135417 0.058318388671875 0.44273269986979163 0.05907784228515625 0.44951715299479167 0.05907784228515625 0.45913689908854166 0.0592793251953125 0.4654947916666667