9 0.10518395654296875 0.4397477470817121 0.108830845703125 0.43745341115434505 0.10979055322265625 0.45733765693904016 0.1165085068359375 0.454278542153048 0.11746821435546875 0.44968987029831387 0.10940667041015625 0.42980562451361864 0.1053758984375 0.42113813229571984 0.09923376953125 0.420628280155642 0.10192095068359375 0.44178715693904025 0.1053758984375 0.44867016536964976 0.10518395654296875 0.4397477470817121
9 0.11554879931640626 0.4359238540856031 0.11823598046875 0.44510119844357976 0.1239942265625 0.4430617885862516 0.127449173828125 0.438728042153048 0.124378109375 0.42904084565499345 0.12034733740234375 0.4267465097276265 0.12207481103515624 0.4229226160830091 0.1165085068359375 0.41221571465629053 0.114972974609375 0.419353649156939 0.11593268212890626 0.4259817308690013 0.11247773486328125 0.42470709987029837 0.11554879931640626 0.4359238540856031
7 0.1472191513671875 0.4369435590142672 0.1476030341796875 0.4328647392996109 0.158543701171875 0.42827606679636837 0.16238253173828124 0.4244521738002594 0.16506971337890625 0.42904084565499345 0.1664133037109375 0.420628280155642 0.1631502978515625 0.40890167315175097 0.1602711748046875 0.4004891076523995 0.15470487060546875 0.39844969779507133 0.148946625 0.4004891076523995 0.1447239111328125 0.40788196822308687 0.1429964375 0.419608575226978 0.1445319697265625 0.43719848508430614 0.1472191513671875 0.4369435590142672
7 0.1658374794921875 0.4155297555123217 0.17044407568359374 0.4142551245136186 0.17313125732421875 0.4109410830090791 0.170827958984375 0.39666521465629057 0.1662213623046875 0.3867230914396887 0.16257447314453125 0.3877427963683528 0.1568162275390625 0.39003713229571985 0.1552806953125 0.3951356569390402 0.15911952587890624 0.3981947717250324 0.1627664150390625 0.40405807522697795 0.1658374794921875 0.4155297555123217
9 0.23666390283203126 0.33981666472114136 0.2357041953125 0.3237563125810636 0.23819943505859376 0.3232464597924773 0.23858331787109374 0.3324238041504539 0.23819943505859376 0.3408363696498054 0.24165438232421876 0.3377772548638132 0.238967201171875 0.3201873450064851 0.23589613671875 0.3099902963683528 0.23340089697265626 0.3099902963683528 0.23071371533203125 0.31585359922178985 0.2314814814453125 0.3336984357976654 0.233017013671875 0.33905188651102464 0.23666390283203126 0.33981666472114136
9 0.25086757568359375 0.35052356679636837 0.2499078681640625 0.35817135343709466 0.2562419384765625 0.3576615012970169 0.2591210615234375 0.3533277555123217 0.25700970458984373 0.3367575499351491 0.25259504931640625 0.3245210914396887 0.24856427734375 0.3245210914396887 0.2470287451171875 0.3382871076523995 0.24741262841796874 0.3428757795071336 0.25086757568359375 0.3423659273670558 0.25086757568359375 0.35052356679636837
9 0.2729408510742187 0.3245210914396887 0.2752441494140625 0.32426616472114134 0.2750522080078125 0.33216887808041506 0.2737086171875 0.33573784565499354 0.27850715576171875 0.3319139520103761 0.27697162353515625 0.31636345201037613 0.27562803271484376 0.3117747795071336 0.2729408510742187 0.31202970622568094 0.26929396240234377 0.3204422717250324 0.2687181376953125 0.3319139520103761 0.27102143603515627 0.3342082879377432 0.2729408510742187 0.3245210914396887
9 0.2982771328125 0.3336984357976654 0.29750936669921874 0.3275802062256809 0.301348197265625 0.32656050129701686 0.30077237255859374 0.3380321815823606 0.30058043115234373 0.34338563229571983 0.3028837294921875 0.33981666472114136 0.30230790478515623 0.3319139520103761 0.30230790478515623 0.32120704993514915 0.2988529575195312 0.314324042153048 0.29578189306640623 0.31814793514915696 0.29213500390625 0.32197182879377434 0.2934785947265625 0.3375223287937743 0.29463024365234375 0.34338563229571983 0.29750936669921874 0.34338563229571983 0.2982771328125 0.3336984357976654
9 0.5046142744140625 0.4800260914396887 0.5086450463867187 0.49608644422827497 0.5049981572265625 0.49455688651102464 0.5071095141601563 0.5055187146562905 0.5142113505859375 0.5098524604409858 0.5261117250976562 0.5052637885862516 0.5307183217773438 0.49124284565499354 0.5284150234375 0.4848696900129702 0.5276472573242188 0.4708487477302205 0.5243842514648438 0.45733765693904016 0.518626005859375 0.4560630259403372 0.5172824150390625 0.4598869195849546 0.5082611630859375 0.46294603437094684 0.5023109760742187 0.4667699280155642 0.49732049609375 0.4762021984435798 0.5009673852539063 0.482830280155642 0.5046142744140625 0.4800260914396887
9 0.48081352490234375 0.43668863229571986 0.47428751318359375 0.43745341115434505 0.4675695595703125 0.44943494422827496 0.47140839013671876 0.4550433210116731 0.469105091796875 0.46778963294422826 0.4654582026367188 0.4879288047989624 0.47160033154296876 0.4963413702983139 0.4798538173828125 0.5019497477302205 0.484844296875 0.497361075226978 0.4865717709960938 0.48588939494163425 0.48542012158203124 0.4790063865110246 0.4929058413085938 0.48079087029831385 0.49348166552734374 0.4644755914396887 0.49041060107421874 0.45402361608300906 0.4844604140625 0.4463758294422827 0.48254099853515625 0.4412773047989624 0.48081352490234375 0.43668863229571986
2 0.4205438857421875 0.6102933955901426 0.4207358271484375 0.6271185265888456 0.4303329033203125 0.6202355181582361 0.4487592900390625 0.6057047230869002 0.4491431728515625 0.5934682639429313 0.44741569921875 0.5835261413748379 0.44184939501953124 0.5812318054474709 0.444344634765625 0.5985667885862517 0.4397380380859375 0.6067244280155643 0.43110066943359376 0.6105483216601816 0.4218874760742187 0.6054497970168612 0.419392236328125 0.5993315674448768 0.41881641162109373 0.5929584118028535 0.4115226337890625 0.6018808300907912 0.4138259321289062 0.6133525103761349 0.4180486455078125 0.6138623625162127 0.4205438857421875 0.6102933955901426
9 0.388297708984375 0.7160877808041505 0.39156071484375 0.7418353300907912 0.400773908203125 0.7408156251621272 0.4115226337890625 0.7303636498054474 0.41516952294921877 0.7120089610894941 0.41516952294921877 0.6900853054474708 0.413058166015625 0.6745348054474708 0.4051885634765625 0.6663771660181582 0.39827866845703125 0.6528660758754864 0.3929043056640625 0.6551604118028534 0.3804281064453125 0.6676517970168612 0.3765892758789062 0.6824375188067444 0.382347521484375 0.6926345680933852 0.388297708984375 0.7160877808041505
9 0.270061728515625 0.67988825616083 0.27255696826171877 0.6689264286640726 0.2810023955078125 0.6630631251621272 0.29002364697265626 0.6658673138780804 0.29443830224609374 0.6740249526588846 0.29424636083984373 0.6811628871595331 0.307490326171875 0.6811628871595331 0.32073429150390625 0.67988825616083 0.3186229345703125 0.6686715019455254 0.3149760458984375 0.6566899695201038 0.3122888642578125 0.6521012970168613 0.3117130395507812 0.644198584306096 0.31747128564453125 0.6393549857328146 0.32111817431640627 0.6327269033722439 0.3155518701171875 0.6187059610894942 0.3067225600585938 0.6113131005188067 0.2982771328125 0.6097835428015563 0.2969335419921875 0.6207453709468223 0.2938624775390625 0.6294128625162126 0.28848811474609376 0.632217051232166 0.28215404443359376 0.6276283793774319 0.2760119155273438 0.6253340428015564 0.26775843017578127 0.6334916822308689 0.264111541015625 0.651336518158236 0.2662228979492188 0.6770840674448768 0.270061728515625 0.67988825616083
9 0.29597383447265624 0.7005372808041506 0.28484122607421875 0.705125953307393 0.2777393896484375 0.708949846303502 0.2752441494140625 0.7135385188067445 0.2656470732421875 0.7303636498054474 0.25681776318359373 0.7494831173800259 0.25470640625 0.7637589857328144 0.2562419384765625 0.7767602237354085 0.26065659375 0.7849178631647211 0.26910202099609376 0.781348896238651 0.2737086171875 0.770641994163424 0.2746683251953125 0.7831333793774319 0.2777393896484375 0.7915459448767833 0.28810423193359375 0.7999585110246433 0.32226982373046875 0.723225715304799 0.31881487646484374 0.7092047730220493 0.3117130395507812 0.7002823547341116 0.30653061865234377 0.6977330920881972 0.29597383447265624 0.7005372808041506
2 0.922854861328125 0.28551737808041505 0.9217032124023438 0.2969890583657588 0.919783796875 0.3033622140077821 0.9241984521484375 0.31279448443579766 0.9397457158203125 0.317893009079118 0.94416037109375 0.3186577879377432 0.941089306640625 0.29367501750972763 0.935139119140625 0.26741761543450066 0.928421166015625 0.2595149027237354 0.9211273876953125 0.2521220415045396 0.9188240893554688 0.2526318942931258 0.9138336098632812 0.26563313229571983 0.9124900190429688 0.2791442224383917 0.9126819604492188 0.28449767315175095 0.922854861328125 0.28551737808041505
2 0.8145998403320313 0.38009500972762644 0.8159434311523438 0.39233146822308695 0.8134481909179687 0.3981947717250324 0.8086496528320313 0.40533270622568096 0.8086496528320313 0.419353649156939 0.8115287758789063 0.4239423210116732 0.8157514892578125 0.4030383702983139 0.81978226171875 0.3936060998702983 0.8257324487304688 0.3821344189364462 0.8332181684570312 0.3821344189364462 0.8399361220703125 0.40380314915693905 0.8430071865234375 0.42725636186770427 0.8456943676757812 0.40431300129701686 0.848189607421875 0.3910568372243839 0.8568269760742188 0.38952728015564203 0.854139794921875 0.3709176653696498 0.8487654321289062 0.3561319435797665 0.8393602973632812 0.346699673151751 0.823429150390625 0.3456799682230869 0.8132562495117187 0.3507784928664073 0.810377126953125 0.36301495201037615 0.8115287758789063 0.38009500972762644 0.8145998403320313 0.38009500972762644
9 0.8552914438476562 0.3619952470817121 0.8579786254882813 0.35944598443579767 0.8687273510742187 0.3698979604409857 0.8716064736328125 0.346699673151751 0.8693031752929687 0.3235013865110246 0.8648885205078125 0.3153437470817121 0.8568269760742188 0.3153437470817121 0.8456943676757812 0.31738315693904023 0.8456943676757812 0.3326787308690013 0.8464621337890625 0.3482292308690013 0.8504929057617188 0.35893613229571986 0.8552914438476562 0.3619952470817121