9 0.108094205078125 0.45400639169909207 0.1113961181640625 0.4544680149156939 0.10844177490234375 0.4357722762645915 0.110874763671875 0.4355414643320363 0.113307751953125 0.45400639169909207 0.11904265380859375 0.4510058411154345 0.113307751953125 0.43184847924773023 0.108267990234375 0.4173073488975357 0.10322822802734374 0.417076537613489 0.1011428095703125 0.4256165661478599 0.1037495830078125 0.44038850778210115 0.108094205078125 0.45400639169909207
7 0.13937548681640624 0.4366955226977951 0.13729006787109374 0.430001986381323 0.1416346904296875 0.4173073488975357 0.13711628271484375 0.4113062477302205 0.1277318984375 0.4092289435797665 0.1207805029296875 0.41315274059662777 0.11452424658203125 0.432310102464332 0.1233872763671875 0.4373879571984436 0.12668918896484374 0.4440814935149157 0.13937548681640624 0.4366955226977951
1 0.09749332666015625 0.380377495460441 0.09870982080078125 0.3939953787289235 0.10270687353515626 0.392610509079118 0.10201173388671875 0.38568616147859924 0.10600878662109375 0.38245479961089496 0.10531364697265624 0.36952935084306093 0.1037495830078125 0.3596044526588846 0.10131659423828125 0.36145094487678336 0.100447669921875 0.3665288002594034 0.0964506171875 0.36283581452658886 0.0933224892578125 0.37137584306095983 0.0933224892578125 0.3806083067444877 0.09749332666015625 0.380377495460441
9 0.12807946826171876 0.3596044526588846 0.1270367587890625 0.3545265972762646 0.1244299853515625 0.35037198897535665 0.126515404296875 0.3482946848249028 0.12425620068359375 0.3397546556420233 0.12303970654296875 0.3397546556420233 0.12234456689453126 0.34760224967574577 0.118695083984375 0.34644819195849547 0.11886886865234375 0.3383697866407263 0.11591452587890624 0.34460169909208815 0.11747858984375 0.3526801050583658 0.11904265380859375 0.36468230739299606 0.12807946826171876 0.3596044526588846
9 0.1434666064453125 0.30932140726329443 0.1435845888671875 0.3003896335927367 0.1405170458984375 0.3007030291828794 0.13685959130859374 0.2989793540856031 0.135443802734375 0.30759773151750974 0.13969116943359375 0.306814242542153 0.13898327490234375 0.31041829118028536 0.1434666064453125 0.30932140726329443
7 0.164467474609375 0.3293787224383917 0.16234379150390624 0.32405099805447474 0.1578604599609375 0.32295411348897535 0.1567986181640625 0.3243643936446174 0.1578604599609375 0.3351765395590143 0.16057405517578124 0.3379970998702983 0.16458545703125 0.33690021530479897 0.164467474609375 0.3293787224383917
9 0.18251878271484376 0.2909877671854734 0.18216483544921874 0.2981958651102464 0.181102994140625 0.30399368287937745 0.1855863251953125 0.3013298203631647 0.18417053662109376 0.2886373009079118 0.18169290576171876 0.27923543450064847 0.18004115234375 0.27907873670557715 0.178507380859375 0.2814292029831388 0.17709159228515625 0.30399368287937745 0.17956922265625 0.3035235894941634 0.1802771171875 0.2909877671854734 0.18251878271484376 0.2909877671854734
9 0.2320713935546875 0.3149625272373541 0.2334871826171875 0.31433573605706877 0.23466700634765625 0.321387135538262 0.2334871826171875 0.3273416511024643 0.237734548828125 0.33110239753566795 0.24386963427734376 0.3293787224383917 0.24422358154296875 0.31433573605706877 0.2467012119140625 0.3144924338521401 0.2458753349609375 0.3080678249027238 0.24351568701171875 0.305403962386511 0.24351568701171875 0.29960614526588847 0.24044814453125 0.2972556783398184 0.239150337890625 0.3008597269779507 0.23513893603515626 0.301486518158236 0.2328972705078125 0.3016432159533074 0.2320713935546875 0.3149625272373541
9 0.2542520859375 0.35319678404669264 0.2620389248046875 0.35319678404669264 0.26369067822265624 0.349906130998703 0.2618029599609375 0.33564663294422825 0.26369067822265624 0.3345497490272374 0.2627468193359375 0.3234242068741894 0.25849945263671875 0.31935006485084305 0.255077962890625 0.3243643936446174 0.253662173828125 0.32828183787289233 0.25378015625 0.34144445071335927 0.2542520859375 0.35319678404669264
9 0.27289330615234375 0.31574601556420234 0.2748990068359375 0.327655046692607 0.2770226904296875 0.3303189085603113 0.28256786328125 0.3289086290531777 0.28091610986328125 0.31637280674448764 0.283629705078125 0.3154326199740597 0.28185996923828127 0.30571735797665367 0.27891040869140626 0.30477717185473413 0.2767867255859375 0.31386564267185474 0.2748990068359375 0.3182531802853437 0.27407313037109376 0.3146491316472114 0.27289330615234375 0.31574601556420234
9 0.3064003095703125 0.3390939844357977 0.3120634653320313 0.34050426394293126 0.3122994296875 0.33392295784695203 0.31123758837890625 0.32405099805447474 0.31371521875 0.3235809046692607 0.313833201171875 0.338310495460441 0.31489504296875 0.34019086835278856 0.31583890234375 0.3317291887159533 0.314777060546875 0.3199768560311284 0.31135557080078125 0.31088838456549933 0.3082880283203125 0.3206036465629053 0.30840601025390624 0.32514788261997407 0.3064003095703125 0.325304579766537 0.3064003095703125 0.3390939844357977
5 0.3676331787109375 0.22548809792477303 0.36987484423828126 0.22266753761348898 0.36893098486328124 0.21671302204928664 0.3670432666015625 0.21561613813229571 0.3649195830078125 0.21671302204928664 0.36432967138671873 0.21984697795071334 0.36220598779296875 0.22063046692607002 0.36350379443359376 0.22392111997405964 0.36350379443359376 0.22893544876783398 0.36869502001953125 0.23018903112840466 0.3676331787109375 0.22548809792477303
7 0.39099369482421875 0.23191270622568094 0.39299939599609374 0.22956223994811933 0.39146562451171873 0.22376442217898831 0.388280099609375 0.223137630998703 0.38568448681640627 0.2253314001297017 0.38320685595703124 0.225018004539559 0.3854485219726563 0.23175600843060962 0.38485860986328124 0.2380239195849546 0.39158360693359373 0.23739712840466926 0.39099369482421875 0.23191270622568094
7 0.41978140234375 0.21655632425421528 0.4171857890625 0.21138529766536962 0.4112866689453125 0.21310897341115434 0.4109327216796875 0.22063046692607002 0.4101068447265625 0.23128591504539558 0.4200173671875 0.22893544876783398 0.41789368359375 0.21890679118028536 0.41978140234375 0.21655632425421528
7 0.43559104443359375 0.21718311543450064 0.43783271044921873 0.21561613813229571 0.43700683349609376 0.20872143579766536 0.4331134140625 0.20934822697795072 0.4286300825195313 0.21185539105058365 0.43146166064453123 0.22172735084306094 0.43193358984375 0.22658498184176395 0.43783271044921873 0.223137630998703 0.43559104443359375 0.21718311543450064
7 0.448923056640625 0.2314426128404669 0.45187261669921874 0.23097251945525293 0.44880507421875 0.22251083981841766 0.4425520068359375 0.2223541420233463 0.43913051708984374 0.22564479571984436 0.4411362177734375 0.23175600843060962 0.4403103408203125 0.240531084306096 0.45104673974609377 0.24100117704280155 0.448923056640625 0.2314426128404669
9 0.47405330908203125 0.22094386186770426 0.4726375205078125 0.21357906679636837 0.46555857568359377 0.213422369001297 0.46603050537109375 0.23112921725032426 0.4724015556640625 0.23097251945525293 0.4707498017578125 0.22266753761348898 0.47405330908203125 0.22094386186770426
9 0.4864414619140625 0.23724043060959793 0.4892730395507813 0.235203359922179 0.4871493564453125 0.22971893774319066 0.48384584912109374 0.22924884435797666 0.479598482421875 0.23959089753566795 0.47971646484375 0.24711239040207522 0.48832918017578125 0.24758248378728925 0.4864414619140625 0.23724043060959793
9 0.50779627734375 0.2580812347600519 0.5059085590820313 0.24178466601815823 0.509566013671875 0.2389641063553826 0.509094083984375 0.23332298638132296 0.5035489106445312 0.23598684824902724 0.49611601904296876 0.2367703372243839 0.49375637109375 0.24601550583657586 0.49658794873046874 0.2491494617380026 0.49741382568359377 0.26011830609597925 0.50779627734375 0.2580812347600519
7 0.5798835278320312 0.23912080415045397 0.584012912109375 0.2389641063553826 0.581417298828125 0.22924884435797666 0.5771699326171875 0.22721177302204928 0.5738664248046875 0.22721177302204928 0.5700909877929687 0.22674167963683528 0.5644278325195312 0.22783856420233464 0.56914712890625 0.23316628858625163 0.568793181640625 0.24679899481193257 0.5800015102539062 0.24993295071335928 0.5798835278320312 0.23912080415045397
8 0.6316778041992187 0.2648192392996109 0.6317957866210937 0.26027500389105057 0.6299080678710938 0.2549472795071336 0.6328576284179688 0.25510397730220497 0.6316778041992187 0.24664229701686122 0.627784384765625 0.2447619241245136 0.6237729829101563 0.24773918158236058 0.6201155283203125 0.24397843514915693 0.6221212294921875 0.2514999280155642 0.6218852646484375 0.2580812347600519 0.6258966665039063 0.26199867898832685 0.6316778041992187 0.2648192392996109
2 0.7701891494140625 0.38657340985732813 0.7694812548828125 0.3962886718547341 0.7668856420898438 0.4028699785992218 0.762166345703125 0.4078843073929961 0.7563852080078125 0.4091378897535668 0.764054064453125 0.4193232451361868 0.7744365161132812 0.4199500356679637 0.7791558125 0.4147790090791181 0.7828132670898438 0.4119584494163424 0.7881224750976562 0.4118017516212711 0.7936676484375 0.4053771426718547 0.8032242231445312 0.3898640629053178 0.8058198359375 0.3912743430609598 0.8111290444335938 0.3904908540856031 0.8178540415039063 0.38688680544747084 0.8132527275390625 0.3751344721141375 0.8067636953125 0.3619718592736706 0.794257560546875 0.35727092607003896 0.778093970703125 0.36181516147859927 0.7740825688476562 0.3709036322957198 0.7701891494140625 0.38657340985732813
2 0.731726884765625 0.39989272049286645 0.7425812661132812 0.4058472360570687 0.74800845703125 0.4053771426718547 0.7456488090820312 0.39534848508430603 0.7454128442382812 0.38328275680933854 0.7468286328125 0.3760746588845655 0.7416374072265625 0.36917995719844354 0.7349124096679688 0.36416562840466926 0.733142673828125 0.36416562840466926 0.7272435532226562 0.37262730804150457 0.7214624155273438 0.38970736575875486 0.7286593422851563 0.39534848508430603 0.731726884765625 0.39989272049286645
9 0.8310680712890625 0.34269803307393 0.8333097368164063 0.346615477302205 0.8354334204101562 0.34081765953307397 0.83791105078125 0.33110239753566795 0.8401527163085938 0.3409743573281453 0.8418044702148437 0.34974943320363167 0.8354334204101562 0.35429366861219197 0.8353154379882812 0.36056157911802855 0.8444000830078126 0.3608749747081712 0.852304904296875 0.3607182769130999 0.8551364819335937 0.35727092607003896 0.86646279296875 0.36682949027237355 0.8691763881835938 0.3676129792477302 0.86905840625 0.3638522328145266 0.8638671801757812 0.3574276238651103 0.8623334086914063 0.3448918022049287 0.8645750747070312 0.33752700648508427 0.868232529296875 0.32859523346303504 0.868232529296875 0.3215438333333333 0.8644570922851562 0.3132388514915694 0.8572601655273437 0.3127687581063554 0.8501812211914063 0.316059411154345 0.8466417490234375 0.3144924338521401 0.8453439423828125 0.30759773151750974 0.836613244140625 0.30759773151750974 0.8308321064453125 0.320917042153048 0.8265847397460937 0.33298277107652396 0.8265847397460937 0.34254133527885866 0.8310680712890625 0.34269803307393
2 0.8930088344726562 0.34003417120622564 0.8990259370117187 0.3433248242542153 0.9015035678710938 0.3472422684824903 0.89784611328125 0.3553905525291829 0.9015035678710938 0.36400893060959794 0.9058689169921875 0.3709036322957198 0.9092904067382812 0.3820291744487678 0.9140097026367188 0.37419428599221793 0.9151895268554687 0.3627553482490272 0.9149535620117187 0.3463020817120622 0.912947861328125 0.332042584306096 0.9098803188476563 0.321857228923476 0.9051610224609375 0.31480582944228275 0.9015035678710938 0.31668620233463035 0.8891154150390626 0.32671485992217897 0.8878176083984375 0.33439305123216606 0.8912390986328125 0.34316812645914396 0.8930088344726562 0.34003417120622564
9 0.2789648623046875 0.6728228774319066 0.29083570751953125 0.6779468949416342 0.294693732421875 0.6720345674448769 0.297661443359375 0.6531151193255512 0.2958808168945313 0.6322248949416343 0.3006291547851562 0.6251301018158236 0.29410018994140624 0.6089697399481193 0.284603513671875 0.604239878080415 0.28252611572265623 0.6200060849546044 0.276590693359375 0.6286774987029832 0.2685778725585938 0.6294658086900129 0.2593779677734375 0.6235534811932555 0.2510683759765625 0.6468086361867704 0.257003798828125 0.6767644293125811 0.26887464404296874 0.6799176705577173 0.2789648623046875 0.6728228774319066
8 0.30864197509765623 0.8013174636835279 0.32852564111328125 0.7823980155642024 0.328822412109375 0.7638727224383918 0.3246676162109375 0.7477123605706874 0.338615859375 0.7536246880674449 0.3478157646484375 0.7429824980544747 0.3246676162109375 0.7197273430609598 0.30982906005859373 0.7146033261997407 0.30300332373046873 0.7149974811932556 0.2967711298828125 0.7122383949416342 0.28757122509765626 0.7224864293125811 0.27362298193359375 0.7224864293125811 0.2682811015625 0.7260338261997406 0.26234567919921875 0.7449532743190662 0.2709520419921875 0.7701792049286641 0.27629392236328126 0.7898869636835278 0.30864197509765623 0.8013174636835279
9 0.38402184228515623 0.6937131018158237 0.3887701806640625 0.7264279811932556 0.39381528955078127 0.7441649636835278 0.41251187060546873 0.7370701705577172 0.4243827158203125 0.7090851536964979 0.423789173828125 0.6743994987029831 0.4181505224609375 0.6444437055771726 0.3997507124023438 0.6416846193255512 0.3929249760742187 0.6412904643320363 0.3777896484375 0.6582391361867704 0.3688865146484375 0.6669105499351492 0.37333808154296877 0.6814942918287937 0.38402184228515623 0.6937131018158237
2 0.48789173779296874 0.5727074643320363 0.4914529912109375 0.5597003437094683 0.48700142431640625 0.5522113955901427 0.47987891748046874 0.556941257457847 0.4772079770507813 0.5731016193255513 0.48136277294921875 0.5790139468223087 0.48789173779296874 0.5727074643320363
2 0.46177587841796874 0.5943859987029831 0.462962962890625 0.5821671880674449 0.45999525146484377 0.5770431712062257 0.456433998046875 0.5774373261997406 0.4510921176757812 0.5805905674448768 0.4490147197265625 0.5900502918287938 0.45020180419921874 0.6014807918287938 0.46177587841796874 0.5943859987029831
9 0.5033238364257813 0.48481086121919587 0.5059947768554688 0.48008099870298315 0.50896248828125 0.49978875745784695 0.5110398862304687 0.511219257457847 0.5226139599609375 0.5096426368352789 0.5297364672851562 0.4982121368352789 0.5309235517578125 0.48796410246433203 0.5270655268554687 0.4678621887159533 0.5226139599609375 0.4576141543450065 0.5128205126953125 0.4639206368352789 0.5051044633789062 0.4647089474708171 0.500652896484375 0.47219789559014264 0.5033238364257813 0.48481086121919587
9 0.4751305791015625 0.5041244643320363 0.482549857421875 0.5029419987029832 0.486111111328125 0.5076718605706875 0.48403371337890627 0.5139783437094683 0.48551756884765623 0.5214672918287938 0.4917497626953125 0.5214672918287938 0.49679487158203123 0.5250146887159532 0.50391737890625 0.5226497574578469 0.5065883188476562 0.5116134124513618 0.5065883188476562 0.5005770680933852 0.5042141499023437 0.49032903307392994 0.49798195654296873 0.4718037405966278 0.4917497626953125 0.4745628261997406 0.4887820512695312 0.4796868437094682 0.48373694189453126 0.4796868437094682 0.4769112060546875 0.4875699468223087 0.4751305791015625 0.5041244643320363