9 0.10845403564453125 0.4357770006485084 0.11088702392578124 0.4355461887159533 0.11331273681640625 0.45395590142671854 0.11342554296875 0.45395590142671854 0.11865234375 0.45122119390402077 0.11865234375 0.449665784695201 0.1133200126953125 0.4318532036316472 0.10828025048828124 0.4173120732814527 0.10324048876953125 0.41708126199740597 0.10115506982421875 0.42562129053177694 0.10376184326171875 0.44039323216601817 0.108088849609375 0.45395590142671854 0.11132670703125 0.45395590142671854 0.10845403564453125 0.4357770006485084
7 0.13936716455078124 0.43661059143968867 0.1372817451171875 0.4299170551232166 0.14111328125 0.4187216147859922 0.14111328125 0.4165409643320363 0.13710796044921875 0.41122131647211413 0.127723576171875 0.4091440123216602 0.1207721806640625 0.4130678093385214 0.11451592431640625 0.43222517120622567 0.1233789541015625 0.43730302594033726 0.12615535302734374 0.44293125810635536 0.12851065478515625 0.44293125810635536 0.13936716455078124 0.43661059143968867
1 0.09760810693359374 0.38008128145265885 0.098819728515625 0.39364461738002593 0.098982037109375 0.39364461738002593 0.1028216533203125 0.3923142950713359 0.10212651416015625 0.3853899474708171 0.10595703125 0.3822932191958495 0.10595703125 0.3790620194552529 0.10542842626953125 0.36923313683527886 0.1038643623046875 0.3593082386511025 0.10143137451171876 0.36115473086900124 0.10056244970703125 0.36623258625162125 0.0965653974609375 0.36253960051880674 0.09343726953125 0.3710796290531777 0.09343726953125 0.3803120927367056 0.09760810693359374 0.38008128145265885
9 0.12453801708984374 0.3504064662775616 0.12662343603515624 0.34832916277561604 0.124364232421875 0.33978913294422824 0.12314773876953125 0.33978913294422824 0.1224525986328125 0.3476367269779507 0.1188031162109375 0.3464826692607004 0.11897438037109374 0.33852140077821014 0.11892136962890625 0.33852140077821014 0.1160225576171875 0.3446361763942931 0.11758662158203124 0.3527145823605707 0.11911744970703125 0.364461738002594 0.119604580078125 0.364461738002594 0.12744140625 0.3600581666666667 0.12744140625 0.35600555252918287 0.127144791015625 0.35456107522697794 0.12453801708984374 0.3504064662775616
9 0.14306640625 0.30030244682230867 0.14053270166015625 0.3005613028534371 0.1368752470703125 0.2988376277561608 0.135459458984375 0.3074560051880674 0.1397068251953125 0.3066725162127108 0.139183177734375 0.3093385214007782 0.14283302783203125 0.3093385214007782 0.14306640625 0.3092814234760052 0.14306640625 0.30030244682230867
7 0.16455078125 0.32942256095979244 0.1624452197265625 0.3241402970168612 0.1579618876953125 0.32304341245136187 0.15690004638671876 0.3244536926070039 0.1579618876953125 0.3352658385214008 0.16047007421875 0.33787289234760054 0.16145629443359374 0.33787289234760054 0.16455078125 0.33702673086900126 0.16455078125 0.32942256095979244
9 0.18235524365234376 0.29108277821011674 0.1820012958984375 0.29829087548638133 0.18093945458984376 0.30408869390402077 0.1845703125 0.3019313456549935 0.1845703125 0.2937824221789883 0.1840069970703125 0.2887323112840467 0.18152936669921876 0.27933044487678343 0.17987761328125 0.27917374708171205 0.178343841796875 0.2815242140077821 0.176928052734375 0.30408869390402077 0.17940568310546876 0.3036185998702983 0.18011357763671876 0.29108277821011674 0.18235524365234376 0.29108277821011674
9 0.23208888818359374 0.31504699027237354 0.23350467724609375 0.3144201990920882 0.2346845009765625 0.32147159857328145 0.23350467724609375 0.3274261141374838 0.23724657080078124 0.33073929961089493 0.23934504931640624 0.33073929961089493 0.24388712890625 0.3294631854734112 0.244241076171875 0.3144201990920882 0.24609375 0.31453737159533074 0.24609375 0.3097152749675746 0.24589282958984374 0.3081522879377432 0.243533181640625 0.3054884254215305 0.243533181640625 0.29969060830090793 0.24046563916015626 0.2973401413748379 0.23916783251953125 0.3009441900129702 0.2351564306640625 0.3015709811932555 0.23291476513671874 0.3017276789883268 0.23208888818359374 0.31504699027237354
9 0.26318359375 0.35088842347600513 0.26318359375 0.34649502399481197 0.26175610791015624 0.33571204215304795 0.26318359375 0.33488258300907914 0.26318359375 0.3291902632944228 0.26269996728515627 0.3234896160830091 0.2584526005859375 0.31941547405966275 0.25503111083984376 0.3244298028534371 0.25361532177734375 0.3283472470817121 0.25373330419921875 0.34150985992217897 0.25420523388671873 0.3532621939040208 0.26199207275390624 0.3532621939040208 0.26318359375 0.35088842347600513
9 0.27660998388671876 0.33009079118028534 0.2783690883789062 0.33009079118028534 0.2824516967773438 0.32905247924773023 0.280799943359375 0.31651665693904024 0.28271484375 0.3158531958495461 0.28271484375 0.31119190077821013 0.281743802734375 0.3058612081712062 0.2787942421875 0.30492102204928667 0.27667055859375 0.3140094928664072 0.27478283984375 0.31839703047989626 0.2739569638671875 0.31479298184176396 0.2727771396484375 0.3158898657587549 0.27478283984375 0.3277988968871595 0.27660998388671876 0.33009079118028534
9 0.31197321240234377 0.3398184176394293 0.31218387646484375 0.3339427645914397 0.31112203515625 0.3240708047989624 0.3135996650390625 0.3236007120622568 0.31371764794921875 0.33833030220492866 0.314557982421875 0.3398184176394293 0.31482324365234376 0.3398184176394293 0.3154296875 0.3343816660181582 0.3154296875 0.32849878534370947 0.3146615068359375 0.31999666277561606 0.311240017578125 0.31090819195849545 0.308172474609375 0.320623453307393 0.30829045654296877 0.3251676893644617 0.30628475634765623 0.32532438651102463 0.30628475634765623 0.33911379182879375 0.30911427197265623 0.3398184176394293 0.31197321240234377 0.3398184176394293
5 0.3659076455078125 0.22957198443579765 0.36848531689453123 0.22957198443579765 0.3675721875 0.22552942088197148 0.36962890625 0.2229415680933852 0.36962890625 0.22154209143968873 0.3688699931640625 0.2167543450064851 0.36698227490234375 0.21565746108949418 0.36485859130859377 0.2167543450064851 0.36426868017578123 0.2198883009079118 0.36214499609375 0.22067178988326847 0.363442802734375 0.22396244293125808 0.363442802734375 0.22897677172503242 0.3659076455078125 0.22957198443579765
7 0.39141594287109377 0.23747653696498056 0.39082603076171873 0.23199211413748377 0.39208984375 0.2305110616083009 0.39208984375 0.22683723281452658 0.3912979599609375 0.22384383073929962 0.3881124350585938 0.22321703891050584 0.38551682275390625 0.22541080804150454 0.38303919189453123 0.2250974130998703 0.38528085791015626 0.23183541634241245 0.38470042626953127 0.23800259403372243 0.385771740234375 0.23800259403372243 0.39141594287109377 0.23747653696498056
7 0.419921875 0.22875430220492865 0.419921875 0.22816642931258105 0.41791672705078126 0.2186975317769131 0.41980444580078125 0.21634706485084304 0.4172088325195312 0.2111760382619974 0.41130971240234376 0.2128997140077821 0.4109557651367188 0.22042120752269778 0.4101962470703125 0.23022049286640725 0.41373981884765626 0.23022049286640725 0.419921875 0.22875430220492865
7 0.4353732978515625 0.2172617457846952 0.43701171875 0.21611645136186772 0.43701171875 0.21065867315175096 0.4367914404296875 0.20881971465629054 0.436667037109375 0.20881971465629054 0.43289566748046876 0.20942685732814528 0.4284123359375 0.2119340214007782 0.4312439140625 0.22180598119325554 0.4316833779296875 0.22632944228274968 0.43228767626953124 0.22632944228274968 0.43701171875 0.22356878793774318 0.43701171875 0.22161386705577174 0.4353732978515625 0.2172617457846952
7 0.451171875 0.23081541180285345 0.451171875 0.2284139241245136 0.4489273706054687 0.22222255836575877 0.4426743032226563 0.22206586057068745 0.4392528134765625 0.22535651426718548 0.44125851416015627 0.2314677269779507 0.4404603715820313 0.23994811932555124 0.45099912158203126 0.23994811932555124 0.4490453530273438 0.23115433138780803 0.451171875 0.23081541180285345
9 0.4726257221679688 0.21385309792477303 0.46554677734375 0.2136964001297017 0.46600446826171876 0.23086900129701687 0.47231466748046874 0.23086900129701687 0.47073800341796873 0.22294156874189364 0.4736328125 0.22143114007782103 0.4736328125 0.21909188456549933 0.4726257221679688 0.21385309792477303
9 0.4892578125 0.2351276439688716 0.4892578125 0.23460093579766536 0.48729364501953126 0.2295284643320363 0.4839901376953125 0.22905837094682233 0.479742771484375 0.23940042412451362 0.47986075390625 0.2469219169909209 0.4827884047851563 0.24708171206225682 0.4884168310546875 0.24708171206225682 0.4865857509765625 0.23704995719844357 0.4892578125 0.2351276439688716
9 0.5077766030273437 0.2579559935149157 0.505888884765625 0.24165942477302205 0.50927734375 0.23904630869001295 0.50927734375 0.23562347795071337 0.5090744096679688 0.23319774513618677 0.503529236328125 0.23586160700389106 0.4960963447265625 0.23664509533073932 0.4937366967773438 0.24589026459143967 0.4965682744140625 0.2490242204928664 0.497300923828125 0.2587548638132296 0.5037049560546875 0.2587548638132296 0.5077766030273437 0.2579559935149157
7 0.583984375 0.2389757178988327 0.583984375 0.2388616887159533 0.5814189208984375 0.2292593112840467 0.5771715551757812 0.22722223994811933 0.5738680473632812 0.22722223994811933 0.571906099609375 0.22697795071335927 0.5689267954101562 0.22697795071335927 0.564453125 0.22784444617380026 0.564453125 0.22787575291828793 0.5691487509765625 0.23317675551232167 0.5687948037109375 0.2468094617380026 0.5790458266601562 0.2496757457846952 0.5800002114257813 0.2496757457846952 0.5798851499023437 0.239131271076524 0.583984375 0.2389757178988327
8 0.6305356845703125 0.26459143968871596 0.6317244467773437 0.26459143968871596 0.6318275590820313 0.26061993514915693 0.6299398408203125 0.25529221076523995 0.6328125 0.25544482360570686 0.6328125 0.2548973767833982 0.6317095766601563 0.24698722827496758 0.6278161572265625 0.24510685538261998 0.623804755859375 0.24808411284046694 0.62014730078125 0.2443233664072633 0.6221530024414063 0.25184485927367056 0.6219170375976563 0.25842616601815827 0.6259284389648437 0.2623436102464332 0.6305356845703125 0.26459143968871596
2 0.7669163920898437 0.4025858845654993 0.762197095703125 0.40760021271076524 0.7564159580078125 0.4088537957198443 0.764007484375 0.41893644617380027 0.7751330346679688 0.41893644617380027 0.7791865620117188 0.4144949150453956 0.7828440170898437 0.41167435473411157 0.788153224609375 0.41151765693904024 0.7936983984375 0.4050930479896238 0.80325497265625 0.3895799688715953 0.8058505854492187 0.3909902490272374 0.8111597944335938 0.3902067594033722 0.81787109375 0.38661005252918285 0.81787109375 0.3865677256809339 0.8132834775390625 0.37485037808041505 0.8067944453125 0.3616877652399481 0.794288310546875 0.3569868320363165 0.778124720703125 0.3615310674448768 0.774113318359375 0.3706195382619974 0.7702198989257812 0.3862893151750973 0.7695120043945313 0.39600457782101167 0.7669163920898437 0.4025858845654993
2 0.7214061528320312 0.38957220233463036 0.7286030791015625 0.39521332101167317 0.7316706215820312 0.3997575570687419 0.7418062358398437 0.4053177691309987 0.7470771962890626 0.4053177691309987 0.74755859375 0.40527607133592736 0.74755859375 0.4035691523994812 0.7455925458984375 0.39521332101167317 0.7453565810546875 0.383147593385214 0.7467723696289063 0.37593949481193256 0.74158114453125 0.3690447931258107 0.734856146484375 0.36403046498054475 0.7330864111328125 0.36403046498054475 0.7271872900390625 0.37249214461738 0.7214061528320312 0.38957220233463036
9 0.8265172915039063 0.3330801316472114 0.8265172915039063 0.3426386958495461 0.831000623046875 0.3427953936446174 0.8332422885742188 0.34671283787289237 0.8353659721679687 0.34091502010376135 0.8378436025390625 0.3311997581063554 0.8400852680664063 0.34107171789883267 0.8417370219726562 0.34984679377431904 0.8353659721679687 0.35439102918287935 0.8352479897460937 0.36065893968871593 0.844332634765625 0.36097233592736705 0.8522374560546875 0.36081563748378725 0.8550690336914063 0.35736828664072634 0.8663953447265625 0.3669268508430609 0.8681640625 0.3674375278858625 0.8681640625 0.36292623605706875 0.8637997319335937 0.35752498443579767 0.8622659604492188 0.3449891627756161 0.8645076264648438 0.3376243670557717 0.8681640625 0.3286950817120623 0.8681640625 0.321638953307393 0.8643896440429687 0.3133362120622568 0.8571927172851562 0.3128661186770428 0.8501137729492187 0.3161567717250324 0.84657430078125 0.3145897944228275 0.845276494140625 0.3076950920881971 0.8365457958984375 0.3076950920881971 0.830764658203125 0.32101440272373544 0.8265172915039063 0.3330801316472114
2 0.893030412109375 0.34010224902723735 0.8990475146484375 0.34339290207522694 0.9015251455078125 0.34731034630350194 0.8978676909179687 0.35545863035019454 0.9015251455078125 0.3640770084306096 0.9058904946289063 0.3709717101167315 0.909073861328125 0.38132295719844356 0.9097783754882812 0.38132295719844356 0.9140312802734375 0.3742623638132296 0.91455078125 0.3692255635538262 0.91455078125 0.34335319001297016 0.9129694389648437 0.33211066212710766 0.909901896484375 0.32192530674448766 0.9051826000976563 0.31487390726329445 0.9015251455078125 0.316754280155642 0.8891369926757813 0.32678293774319067 0.8878391860351562 0.3344611290531777 0.8912606762695312 0.3432362042801556 0.893030412109375 0.34010224902723735
9 0.26935357275390626 0.6796368352788587 0.2789655576171875 0.6728783054474707 0.29083640234375 0.6780023229571984 0.294694427734375 0.672089995460441 0.29766213818359377 0.6531705473411155 0.29588151220703124 0.6322803229571985 0.30029296875 0.6256888858625163 0.30029296875 0.6243516880674449 0.294100884765625 0.6090251679636836 0.2848342060546875 0.6044098573281452 0.2845891147460938 0.6044098573281452 0.282526810546875 0.6200615129701686 0.276591388671875 0.6287329267185473 0.26857856787109374 0.6295212367055772 0.2593786630859375 0.6236089092088197 0.2510690712890625 0.6468640642023347 0.257004494140625 0.6768198573281453 0.26760942578125 0.6796368352788587 0.26935357275390626 0.6796368352788587
8 0.26239448486328126 0.7449942295719844 0.27100084716796874 0.7702201601815825 0.2763427280273438 0.7899279189364462 0.30741585546875 0.8009079118028535 0.3091642470703125 0.8009079118028535 0.32857444677734376 0.7824389708171205 0.3288712177734375 0.76391367769131 0.32471642138671875 0.7477533158236057 0.33866466455078126 0.7536656433203631 0.34716796875 0.7438292613488976 0.34716796875 0.7423236322957198 0.32471642138671875 0.7197682983138781 0.309877865234375 0.7146442814526588 0.30305212890625 0.7150384364461738 0.296819935546875 0.7122793501945525 0.28762003076171877 0.7225273845654994 0.273671787109375 0.7225273845654994 0.2683299072265625 0.7260747814526589 0.26239448486328126 0.7449942295719844
9 0.38886848583984374 0.7260804785992218 0.3937353076171875 0.7431906614785992 0.39556537060546876 0.7431906614785992 0.41261017578125 0.7367226679636836 0.423828125 0.7102768261997405 0.423828125 0.6737366725032425 0.4182488276367187 0.6440962029831387 0.399849017578125 0.6413371167315175 0.39302328125 0.6409429610894941 0.37788795361328126 0.6578916335927367 0.36898481982421877 0.666563046692607 0.37343638671875 0.6811467885862517 0.3841201474609375 0.6933655992217899 0.38886848583984374 0.7260804785992218
2 0.49072265625 0.5580953936446174 0.48713531884765626 0.5520603540856031 0.48001281201171875 0.5567902159533074 0.4773418720703125 0.5729505778210117 0.4812202221679687 0.5784695201037614 0.4819039306640625 0.5784695201037614 0.48802563232421875 0.5725564228274967 0.49072265625 0.5627058151750973 0.49072265625 0.5580953936446174
2 0.46240234375 0.5812164435797665 0.4600601875 0.5771725032425421 0.45970195703125 0.5771725032425421 0.45647735400390627 0.5775293981841764 0.4511354741210937 0.5806826394293126 0.44905807568359374 0.5901423638132295 0.45020304296875 0.6011673151750972 0.4509067509765625 0.6011673151750972 0.461819234375 0.594478070687419 0.46240234375 0.5884760525291829 0.46240234375 0.5812164435797665
9 0.5090454912109375 0.49964372114137484 0.5108781567382813 0.5097276264591439 0.5210083276367188 0.5097276264591439 0.522696962890625 0.5094976005188068 0.5298194702148438 0.4980671005188067 0.5302734375 0.49414802594033724 0.5302734375 0.4839992204928664 0.5271485297851563 0.46771715239948114 0.522696962890625 0.45746911802853435 0.512903515625 0.46377560051880673 0.5051874663085938 0.464563911154345 0.5007358994140625 0.4720528592736706 0.5034068393554687 0.4846658249027237 0.5060777797851562 0.479935962386511 0.5090454912109375 0.49964372114137484
9 0.48277150732421875 0.502670402075227 0.48633276123046876 0.5074002639429313 0.48425536328125 0.513706747081712 0.48573921923828123 0.5211956952010376 0.49197141259765625 0.5211956952010376 0.4968746259765625 0.5246433203631647 0.49731700634765624 0.5246433203631647 0.5041390288085937 0.5223781608300908 0.50634765625 0.5132520966277562 0.50634765625 0.49830990985732815 0.5044358002929688 0.4900574357976654 0.4982036069335937 0.4715321439688716 0.49197141259765625 0.47429122957198444 0.489003701171875 0.47941524643320366 0.483958591796875 0.47941524643320366 0.47713285595703125 0.4872983501945525 0.4753522294921875 0.5038528677042802 0.48277150732421875 0.502670402075227