9 0.1063021484375 0.44909582230869 0.1063021484375 0.43671669779507133 0.10901574365234375 0.43671669779507133 0.10960565576171875 0.44580516861219194 0.10972363818359375 0.4553637328145266 0.1137350400390625 0.45411015110246433 0.11656661767578125 0.45097619520103766 0.1131451279296875 0.43624660440985735 0.1105495146484375 0.4246509688715953 0.10653811279296875 0.41791296498054475 0.102880658203125 0.41618928923476 0.10158285205078126 0.4257478534370947 0.10264469384765625 0.437500186770428 0.1063021484375 0.44909582230869
7 0.12376354443359375 0.4354631154345006 0.12411749169921875 0.44063414202334633 0.1277749462890625 0.44314130674448765 0.13721353857421875 0.43656 0.13650564404296875 0.42856841374837873 0.13910125732421874 0.4212036180285344 0.1407530107421875 0.41587589364461736 0.13579775 0.41133165823605705 0.12907275244140626 0.4092945875486381 0.12222977294921875 0.41211514721141373 0.11668460009765624 0.4193232451361868 0.11467889892578124 0.42794162256809337 0.11491486376953125 0.4342095337224384 0.1212859140625 0.43734348897535663 0.12376354443359375 0.4354631154345006
7 0.1408709931640625 0.4154058002594034 0.1411069580078125 0.41979333787289236 0.13827538037109374 0.42731483138780807 0.1418148525390625 0.4301353910505837 0.14393853564453124 0.4280983203631647 0.1428766943359375 0.424494271076524 0.1434666064453125 0.42230050259403373 0.14582625439453126 0.4238674805447471 0.14665213134765626 0.41336872957198445 0.14535432470703125 0.40569053826199736 0.1415788876953125 0.3983257431906615 0.13556178515625 0.39409490337224384 0.13273020703125 0.3962886718547341 0.13072450634765626 0.4006762094682231 0.1289547705078125 0.4028699785992218 0.1289547705078125 0.40772760959792476 0.13214029541015626 0.40882449416342415 0.13803941552734375 0.4111749604409857 0.1408709931640625 0.4154058002594034
1 0.0985153095703125 0.3779550324254215 0.09922320361328126 0.39284132101167313 0.104296447265625 0.39143104085603114 0.10193679931640626 0.38657340985732813 0.10677407763671876 0.38030549870298314 0.10559425390625 0.37200051686121915 0.1063021484375 0.3657326057068742 0.103352587890625 0.3593079974059663 0.10111092236328124 0.3599347885862516 0.10040302783203126 0.3651058145265888 0.0960376787109375 0.3627553482490272 0.09403197802734375 0.36808307263294426 0.09344206591796875 0.37435098378728926 0.09521180224609375 0.38014880090791175 0.0985153095703125 0.3779550324254215
9 0.12447143896484375 0.3473989662775616 0.1284828408203125 0.34771236186770427 0.13320213671875 0.3448918022049287 0.13048854150390626 0.3317291887159533 0.13261222509765624 0.33063230415045397 0.12989862939453126 0.3234242068741894 0.1283648583984375 0.3231108112840467 0.12966266455078124 0.3303189085603113 0.1284828408203125 0.33125909533073933 0.1255332802734375 0.3268715577172503 0.12447143896484375 0.3279684422827497 0.12482538623046875 0.33439305123216606 0.12293766748046875 0.33439305123216606 0.12163986083984375 0.32749834889753565 0.120696001953125 0.3317291887159533 0.12057801953125 0.338310495460441 0.12317363232421875 0.338310495460441 0.12447143896484375 0.3473989662775616
9 0.22853192138671874 0.33737030869001294 0.23643674267578124 0.3359600285343709 0.24162796826171876 0.33047560635538265 0.23808849609375 0.3191933670557717 0.23726261962890624 0.3149625272373541 0.24115603857421875 0.31386564267185474 0.23702665478515625 0.3038369850843061 0.2323073583984375 0.30274010051880673 0.2313634990234375 0.3061874513618677 0.22923981591796874 0.3083812204928664 0.22546437890625 0.30759773151750974 0.223458677734375 0.31198526913099867 0.22570034375 0.32373760246433203 0.22923981591796874 0.32201392671854734 0.22853192138671874 0.33737030869001294
9 0.26593234423828127 0.3530400862516213 0.2655783969726562 0.336430121919585 0.2673481328125 0.336430121919585 0.2682919921875 0.3437949176394293 0.2682919921875 0.3530400862516213 0.27183146435546873 0.3510030149156939 0.270651640625 0.33956407782101167 0.267702080078125 0.32843853566796366 0.26463453759765626 0.3215438333333333 0.2613310302734375 0.3206036465629053 0.25826348779296876 0.3264014643320363 0.25861743505859375 0.336430121919585 0.2606231357421875 0.348965944228275 0.2626288369140625 0.35319678404669264 0.26593234423828127 0.3530400862516213
9 0.28610733544921874 0.31935006485084305 0.28917487841796874 0.3195067626459144 0.28941084326171873 0.32655816212710764 0.28775908935546873 0.33125909533073933 0.2925963681640625 0.32561797535667963 0.2910625966796875 0.31339554928664076 0.28858496630859376 0.3061874513618677 0.28563540625 0.306344149156939 0.284809529296875 0.3082245226977951 0.28303979296875 0.3190366692607004 0.2832757578125 0.32875193125810637 0.28563540625 0.33219928210116734 0.28610733544921874 0.31935006485084305
9 0.30993978173828124 0.33737030869001294 0.30970381689453125 0.3317291887159533 0.3082880283203125 0.32107373994811933 0.3102937290039062 0.32029025097276265 0.31076565869140627 0.3135522470817121 0.3079340810546875 0.30932140726329443 0.3041586440429688 0.3207603443579767 0.3025068901367188 0.32420769584954606 0.3023889077148437 0.33674351750972764 0.30993978173828124 0.33737030869001294
1 0.27973628564453124 0.2609017944228275 0.28740514208984375 0.25839463035019455 0.28740514208984375 0.2461722036316472 0.2864612827148437 0.23865071076523994 0.28303979296875 0.23755382619974058 0.27879242626953127 0.23865071076523994 0.2757248837890625 0.24272485278858624 0.2759608486328125 0.24711239040207522 0.2778485673828125 0.24711239040207522 0.27973628564453124 0.2609017944228275
1 0.328698984375 0.2770416653696498 0.33082266748046874 0.2808024118028534 0.33400819287109373 0.27986222568093383 0.3363678408203125 0.2806457140077821 0.3381375771484375 0.27923543450064847 0.3356599462890625 0.2660728210116732 0.33365424560546875 0.2579245369649805 0.32574942431640624 0.25573076783398185 0.3219739873046875 0.26027500389105057 0.3212660927734375 0.27014696368352786 0.32610337158203123 0.2688933813229572 0.328698984375 0.2770416653696498
5 0.372706421875 0.22971893774319066 0.3711726508789063 0.22219744422827498 0.37247045703125 0.219220186770428 0.37199852734375 0.2159295337224384 0.36987484423828126 0.2159295337224384 0.36822309033203127 0.2223541420233463 0.3656274775390625 0.2223541420233463 0.36373975927734375 0.21655632425421528 0.36255993505859374 0.22063046692607002 0.36432967138671873 0.223137630998703 0.3660994072265625 0.22924884435797666 0.372706421875 0.22971893774319066
7 0.39099369482421875 0.22736847081712064 0.390167818359375 0.223137630998703 0.38651036376953124 0.223607724383917 0.38356080322265623 0.22627158625162125 0.38485860986328124 0.2336363819714656 0.38474062744140625 0.23990429312581063 0.39111167724609375 0.2370837328145266 0.39099369482421875 0.22736847081712064
7 0.418247630859375 0.22031707133592737 0.41742175390625 0.21561613813229571 0.4128204404296875 0.2142058579766537 0.4108147392578125 0.21295227561608301 0.4105787744140625 0.22125725745784697 0.4114046513671875 0.2290921465629053 0.418955525390625 0.23003233333333334 0.418247630859375 0.22031707133592737
7 0.448215162109375 0.2406877821011673 0.45116472216796877 0.24131457263294423 0.449866916015625 0.22705507522697793 0.45187261669921874 0.2259581906614786 0.4509287573242188 0.22219744422827498 0.44668139111328126 0.22219744422827498 0.4406642880859375 0.2228242354085603 0.4399563935546875 0.22846535538262 0.4417261298828125 0.2336363819714656 0.4417261298828125 0.2406877821011673 0.448215162109375 0.2406877821011673
9 0.47582304541015624 0.22940554215304798 0.47393532666015625 0.21718311543450064 0.47558708056640625 0.2151460447470817 0.47440725634765624 0.21232548443579766 0.4711037490234375 0.21404916018158235 0.46791822412109374 0.2142058579766537 0.465322611328125 0.217339813229572 0.46650243505859373 0.22517470233463033 0.46732831201171876 0.2306591245136187 0.47582304541015624 0.22940554215304798
9 0.48856514501953124 0.24084447924773023 0.48384584912109374 0.23739712840466926 0.4812502358398438 0.23410647535667964 0.4790085703125 0.23081582230869002 0.4799524296875 0.23849401297016862 0.480070412109375 0.24585880804150453 0.48950900439453127 0.24570211089494165 0.48856514501953124 0.24084447924773023
9 0.5053186469726563 0.2598049105058366 0.5075603125 0.25823793255512323 0.5059085590820313 0.2411578748378729 0.50968399609375 0.2411578748378729 0.508622154296875 0.2344198709468223 0.5043747875976563 0.23661363942931257 0.4993015439453125 0.2370837328145266 0.49599803662109376 0.23551675551232165 0.49422830078125 0.23959089753566795 0.49540812451171873 0.24726908819714655 0.49694189599609373 0.26074509662775613 0.5053186469726563 0.2598049105058366
7 0.5703269526367187 0.24852267055771723 0.582125193359375 0.2486793683527886 0.5805914223632812 0.23347968417639428 0.583776947265625 0.2306591245136187 0.58271510546875 0.22611488845654992 0.5800015102539062 0.22752516861219196 0.5751642314453125 0.22862205317769133 0.5709168647460937 0.22783856420233464 0.568439234375 0.22752516861219196 0.566905462890625 0.23332298638132296 0.5670234453125 0.23880740856031127 0.569737041015625 0.23755382619974058 0.5703269526367187 0.24852267055771723
8 0.6222392119140625 0.2596482127107652 0.6251887719726562 0.26074509662775613 0.6310878920898437 0.26466254150453955 0.62955412109375 0.2513432302204929 0.6320317514648438 0.2469556926070039 0.6309699096679687 0.24303824837872892 0.627076490234375 0.24523201750972762 0.6253067543945312 0.25087313683527884 0.6208234228515624 0.24538871530479897 0.6185817573242187 0.24711239040207522 0.6176378979492188 0.25306690596627757 0.6197615810546875 0.2568276523994812 0.6222392119140625 0.2596482127107652
9 0.64217823828125 0.24194136381322956 0.641824291015625 0.2392775019455253 0.6386387661132813 0.24084447924773023 0.6347453466796875 0.24194136381322956 0.6321497338867188 0.2424114571984436 0.6328576284179688 0.24632890142671854 0.6310878920898437 0.2507164390402075 0.6320317514648438 0.25291020817120624 0.6388747309570313 0.25306690596627757 0.6397006079101563 0.2438217373540856 0.64217823828125 0.24194136381322956
9 0.64453788671875 0.2486793683527886 0.6532685844726562 0.24758248378728925 0.6527966547851562 0.240531084306096 0.6544484086914063 0.2339497775616083 0.6538584965820312 0.23112921725032426 0.6464256049804687 0.23097251945525293 0.643004115234375 0.23316628858625163 0.64359402734375 0.2370837328145266 0.6448918334960938 0.24585880804150453 0.64453788671875 0.2486793683527886
9 0.5062625063476562 0.4818456569390402 0.5102739077148437 0.5080141854734112 0.5191225883789062 0.5097378605706874 0.5270274096679688 0.5044101361867704 0.5303309169921875 0.49077742996108953 0.5283252163085937 0.4799652833981842 0.5265554799804687 0.46429550583657586 0.52325197265625 0.45787089753566795 0.5194765356445312 0.4570874085603113 0.5145212744140625 0.46069145719844357 0.5089761015625 0.463198621919585 0.5033129458007812 0.46695936835278856 0.4997734736328125 0.47307058171206223 0.5035489106445312 0.4758911413748379 0.5062625063476562 0.4818456569390402
9 0.4849076904296875 0.5056637185473412 0.4858515498046875 0.5034699500648508 0.4873853212890625 0.5086409766536965 0.49186865234375 0.5177294474708171 0.5001274208984375 0.5258777315175097 0.50732434765625 0.5149088871595331 0.5089761015625 0.5025297632944228 0.5059085590820313 0.4865465901426719 0.5035489106445312 0.47698802594033723 0.4987116323242187 0.4736973728923476 0.49352040625 0.4746375590142672 0.48986295166015625 0.47698802594033723 0.4829019897460938 0.4843528210116731 0.48054234130859375 0.49062073216601815 0.479834447265625 0.5029998566796368 0.4849076904296875 0.5056637185473412
2 0.48219409521484374 0.5768045084306096 0.48821119775390626 0.5706932950713359 0.4908068110351563 0.5601945440985733 0.49009891650390625 0.5543967263294424 0.4870313740234375 0.5550235175097277 0.4827840073242187 0.5573739844357977 0.48054234130859375 0.561448126459144 0.478418658203125 0.5747674370946823 0.48219409521484374 0.5768045084306096
2 0.45069279248046873 0.6029730369649805 0.462962962890625 0.5929443793774319 0.462255068359375 0.5793116725032426 0.45918752587890627 0.5775879974059662 0.4571818251953125 0.5774312996108949 0.450102880859375 0.5813487438391699 0.447979197265625 0.5887135389105058 0.4490410390625 0.5990555920881971 0.45069279248046873 0.6029730369649805
2 0.4471533203125 0.5943546588845655 0.44573753173828123 0.5840126057068742 0.4406642880859375 0.5836992101167315 0.4403103408203125 0.6001524766536965 0.43901253466796875 0.6076739701686122 0.43098973095703125 0.6104945298313879 0.42343885693359373 0.6075172723735409 0.419427455078125 0.6075172723735409 0.4246186806640625 0.6235004448767834 0.44561954931640624 0.6084574584954604 0.448687091796875 0.6039132230869001 0.4471533203125 0.5943546588845655
9 0.25212840283203125 0.6697262885862516 0.2606231357421875 0.6705097775616083 0.26439857275390627 0.6700396841763944 0.26605032666015627 0.6738004306095979 0.27324725341796874 0.6723901511024644 0.28044418017578127 0.673330337224384 0.285281458984375 0.6821054130998703 0.2882310190429688 0.6748973151750972 0.298613470703125 0.6633016796368353 0.30179899560546875 0.660637817769131 0.298141541015625 0.6435577600518807 0.29684373486328125 0.6379166407263295 0.299557330078125 0.633999195849546 0.3039226791992187 0.6242839338521401 0.300737154296875 0.6170758365758755 0.2943661040039062 0.6089275518806744 0.28929286083984374 0.6040699208819714 0.28115207470703124 0.6037565252918288 0.27891040869140626 0.6162923476005189 0.2770226904296875 0.6228736543450065 0.27395514794921877 0.6261643073929961 0.26475252001953126 0.6242839338521401 0.2594433120117188 0.6184861160830091 0.2551959453125 0.629611658236057 0.25047664892578125 0.6427742717250324 0.25035866650390626 0.6554667911802853 0.25212840283203125 0.6697262885862516
9 0.2625108544921875 0.7689159798962387 0.26392664306640623 0.758417228923476 0.2736012006835937 0.7490153625162127 0.28610733544921874 0.7474483845654993 0.2960178579101562 0.7454113138780805 0.31076565869140627 0.7435309403372243 0.31772662060546875 0.7383599137483787 0.32338977587890627 0.7198695765239947 0.31111960595703125 0.7068636614785992 0.30321478466796875 0.7073337548638132 0.30120908349609377 0.7081172431906615 0.2910625966796875 0.7032596121919585 0.2896468081054687 0.7049832879377431 0.28787707177734373 0.7121913858625162 0.27973628564453124 0.7170490168612191 0.27454506005859375 0.7215932522697796 0.26852795703125 0.7284879539559014 0.2606231357421875 0.7363228430609599 0.25838147021484376 0.747291686770428 0.25873541748046874 0.7631181621271077 0.2625108544921875 0.7689159798962387
9 0.38568448681640627 0.7046698923476005 0.39288141357421874 0.7432175447470817 0.40479763671875 0.7338156783398184 0.4099888623046875 0.7197128787289234 0.40880903857421874 0.6947979325551232 0.4022020234375 0.6723901511024644 0.3957129912109375 0.6626748891050583 0.38580246923828126 0.6568770713359273 0.3837967680664062 0.661107911154345 0.3795494013671875 0.6711365687418936 0.37860554248046874 0.6828889014267185 0.3809651904296875 0.6893135103761349 0.38568448681640627 0.7046698923476005
9 0.8324838598632812 0.3379970998702983 0.8353154379882812 0.3336095622568093 0.8406246459960938 0.3422279396887159 0.8421584174804687 0.34583198832684825 0.837557103515625 0.3525699928664072 0.8406246459960938 0.3608749747081712 0.8485294672851562 0.3597780907911803 0.851832974609375 0.35601734370946825 0.8572601655273437 0.35774101945525294 0.8641031450195312 0.3619718592736706 0.8591478837890625 0.3461453839169909 0.8615075322265625 0.336430121919585 0.866344810546875 0.32953542023346305 0.8676426171875 0.32405099805447474 0.86551893359375 0.3152759221789883 0.8625693735351563 0.31182857133592734 0.8577320952148437 0.3141790382619974 0.8549005170898437 0.3190366692607004 0.852068939453125 0.32405099805447474 0.8497092915039063 0.31574601556420234 0.8458158720703125 0.3149625272373541 0.8431022763671875 0.31292545590142673 0.836259296875 0.3043070784695201 0.8322478950195312 0.3127687581063554 0.8264667573242187 0.3273416511024643 0.8294163173828125 0.3358033307392996 0.8324838598632812 0.3379970998702983
2 0.7980329975585938 0.39362480998702987 0.8019264165039063 0.3904908540856031 0.8042860649414062 0.39425160116731517 0.807117642578125 0.4060039338521401 0.8052299243164063 0.40960798249027236 0.8058198359375 0.4194799429312581 0.8108930795898438 0.42496436446173796 0.8157303583984375 0.3922145298313878 0.8173821118164063 0.38281266342412457 0.8144325517578125 0.37936531258106354 0.824107109375 0.3771715434500649 0.8281185107421875 0.38406624578469517 0.83602333203125 0.40177309403372247 0.837557103515625 0.4030266763942931 0.83555140234375 0.3881403878080415 0.8349614907226562 0.37936531258106354 0.836259296875 0.37403758819714655 0.8322478950195312 0.36040488132295717 0.8277645639648438 0.35272669066147855 0.82103956640625 0.34645877950713355 0.8124268510742187 0.34504849935149157 0.8034601879882812 0.349906130998703 0.7998027333984375 0.3517865038910506 0.7944935249023437 0.35962139299610896 0.7903641411132812 0.3662026990920882 0.793077736328125 0.39158773865110247 0.7980329975585938 0.39362480998702987
2 0.8845141010742188 0.3376837042801556 0.8889974326171876 0.34128775291828795 0.8917110278320313 0.33940738002594034 0.897964095703125 0.34708557068741897 0.8994978666992187 0.3483391530479896 0.8952505004882813 0.3546070642023346 0.9022114624023437 0.36040488132295717 0.9059868994140625 0.36745628145265885 0.9061048818359375 0.37670145006485084 0.911060142578125 0.3646357217898833 0.91094216015625 0.3517865038910506 0.910588212890625 0.33486314461738004 0.9092904067382812 0.32608806874189367 0.9046890927734375 0.3162161089494163 0.8998518139648437 0.316999597924773 0.896076376953125 0.320446948767834 0.8905312041015625 0.3198201582360571 0.8872276967773437 0.31590271335927367 0.883216294921875 0.3124553625162127 0.8799127875976562 0.321857228923476 0.8826263828125 0.3245210914396887 0.883688224609375 0.3336095622568093 0.8845141010742188 0.3376837042801556