9 0.11599310205078125 0.7167488398184176 0.11686992578125 0.7269386472114138 0.12476133935546875 0.7260652354085604 0.128268634765625 0.7327613942931258 0.13518458203125 0.7373540856031129 0.1413113896484375 0.7373540856031129 0.1501892294921875 0.73479935538262 0.154296875 0.7259665603112841 0.154296875 0.7232935765239947 0.14733955224609374 0.7007362859922179 0.15303890673828124 0.7007362859922179 0.154296875 0.6947692691309988 0.154296875 0.6930731705577172 0.14997002392578124 0.6870528307392997 0.1418594033203125 0.684141457846952 0.13572163720703126 0.6858882821011673 0.13550243115234376 0.697533775616083 0.12936466455078124 0.7024831108949416 0.12476133935546875 0.6966603638132296 0.11708913134765625 0.7021919734111544 0.11599310205078125 0.7167488398184176
9 0.11150767138671876 0.4565499351491569 0.1171875 0.4510031433203632 0.1171875 0.44813001167315175 0.1123936025390625 0.4375999876783398 0.10691345458984375 0.4230431206225681 0.10384457080078124 0.42042288456549937 0.0990220400390625 0.42129629701686117 0.0994604521484375 0.4343974766536965 0.10318695263671875 0.4451695583657588 0.1101234580078125 0.4565499351491569 0.11150767138671876 0.4565499351491569
7 0.1434190537109375 0.4161036796368353 0.1449534951171875 0.4289137224383917 0.14968505810546875 0.42996108949416345 0.15039768408203125 0.42996108949416345 0.15613299853515625 0.426293486381323 0.15964029345703126 0.4239643878080415 0.1572290283203125 0.4108632075226978 0.15109126171875 0.4006734001297017 0.14846079052734376 0.39892657717250324 0.14670714306640625 0.40300249935149157 0.142761435546875 0.4059138728923476 0.1434190537109375 0.4161036796368353
7 0.160303583984375 0.4092088197146563 0.16455078125 0.4045080739299611 0.16455078125 0.38812656031128406 0.16453447802734375 0.38783424383916987 0.15993630126953126 0.3767833981841764 0.1599233076171875 0.3767833981841764 0.15642385791015626 0.38230263424124517 0.15576623974609374 0.3898722049286641 0.1529165625 0.3884165188067445 0.1511629150390625 0.39191016666666667 0.154889416015625 0.3991885998702983 0.15620465185546875 0.405593621919585 0.15997356103515625 0.4092088197146563 0.160303583984375 0.4092088197146563
9 0.2294921875 0.3157377217898833 0.2294921875 0.3179826802853437 0.23039613818359375 0.32134429766536965 0.23478025732421876 0.31988861089494164 0.23565708056640625 0.3277493197146563 0.23584605419921875 0.3352788586251621 0.24052448095703124 0.3352788586251621 0.24462890625 0.3342151952010376 0.24462890625 0.33159691958495463 0.24376770068359374 0.3222177101167315 0.2442061123046875 0.31697723800259403 0.2433292890625 0.3082431167315175 0.23872596435546875 0.30533174448767836 0.23719152197265625 0.3091165298313878 0.2343418447265625 0.3108633534370947 0.23039613818359375 0.3085342542153048 0.2294921875 0.3157377217898833
9 0.26412398681640625 0.34885350064850845 0.26339743505859375 0.3534370946822309 0.268146291015625 0.3534370946822309 0.27099609375 0.35066146368352785 0.27099609375 0.3464661750972763 0.27004254736328126 0.3363345953307393 0.267412076171875 0.3246891011673152 0.265000810546875 0.3209043158236057 0.26171272119140626 0.3206131783398184 0.26149351513671876 0.33342322178988326 0.2623703393554688 0.3386636939040208 0.2652200166015625 0.33837255642023345 0.26412398681640625 0.34885350064850845
9 0.28311379833984374 0.3417639429312581 0.284045810546875 0.3417639429312581 0.28446629931640627 0.3275229597924773 0.2873159765625 0.3263584105058366 0.2870967705078125 0.33713049221789887 0.2867091411132813 0.3417639429312581 0.28752674267578127 0.3417639429312581 0.29052734375 0.3396664513618677 0.29052734375 0.3358240168612192 0.28994644775390627 0.32868750907911803 0.28841200634765624 0.3161686037613489 0.2851239169921875 0.31354836770428013 0.28249344580078123 0.3187888398184176 0.282931857421875 0.32664954798962387 0.281397416015625 0.32723182230869 0.28095900390625 0.3403330032425422 0.28311379833984374 0.3417639429312581
5 0.3671875 0.22055154798962387 0.36443043701171873 0.21643204539559016 0.36114234765625 0.21876114396887159 0.36114234765625 0.22603957782101167 0.3626571298828125 0.22827496757457846 0.3664544560546875 0.22827496757457846 0.3653072607421875 0.22167251750972763 0.3671875 0.22167251750972763 0.3671875 0.22055154798962387
9 0.44830973046875 0.40305763424124513 0.4461176708984375 0.4135385784695201 0.4496249658203125 0.4155765395590143 0.45094020166015625 0.4237283852140078 0.44918655419921877 0.43479160440985737 0.4485289365234375 0.4455636861219196 0.45378987890625 0.44818392217898834 0.46067764501953123 0.4487678339818418 0.4663449482421875 0.4487678339818418 0.47088794287109376 0.44818392217898834 0.47132635498046876 0.421108149156939 0.4761488857421875 0.41994359987029833 0.4775390625 0.41830239364461735 0.4775390625 0.41357313164721143 0.4761488857421875 0.4039310460440986 0.470011119140625 0.3983994357976654 0.4662846181640625 0.403348771076524 0.4625581171875 0.4071335570687419 0.45927002783203125 0.4056778702983139 0.45685876220703125 0.40072853501945527 0.45357067333984374 0.39636147535667965 0.44830973046875 0.40305763424124513
9 0.4969207045898438 0.47834393125810637 0.5017432353515625 0.48329326653696497 0.5059081484375 0.4797996180285343 0.5076617958984375 0.4917362483787289 0.50678497265625 0.49785013359273667 0.5059081484375 0.504837429312581 0.5118656577148437 0.5103761348897535 0.5148971396484375 0.5103761348897535 0.5210333588867188 0.5089133521400778 0.52804794921875 0.5030906050583658 0.52978515625 0.4928361011673152 0.52978515625 0.4904540298313878 0.5273903315429688 0.48038189234760054 0.5262943012695313 0.46669843709468223 0.5219101831054688 0.4562174935149157 0.5179644755859375 0.4570909053177691 0.5159916225585938 0.46145796498054475 0.5085386196289062 0.4620402392996109 0.5008664116210938 0.46960981063553825 0.4969207045898438 0.47834393125810637
2 0.4598959975585937 0.5952923463035019 0.46142578125 0.5912287963683528 0.46142578125 0.5866353372243839 0.46011520361328123 0.5810266160830091 0.45595029052734376 0.5789886549935149 0.4504701416015625 0.5839379896238651 0.44937411181640624 0.5906341485084305 0.4504701416015625 0.5982037198443579 0.45177746484375 0.6005188067444877 0.453814390625 0.6005188067444877 0.4598959975585937 0.5952923463035019
2 0.4165839169921875 0.5926899416342413 0.41154218017578126 0.5970570019455252 0.4108845625 0.6046265726329442 0.4141726513671875 0.6130695557717251 0.4209680361328125 0.6084113579766537 0.42031041796875 0.6183100278858625 0.42095144970703124 0.6271076523994812 0.42126713134765625 0.6271076523994812 0.440477365234375 0.6124872808041505 0.447265625 0.6070778035019455 0.447265625 0.5875607360570687 0.44639592578125 0.583373546692607 0.4411349833984375 0.5801710350194552 0.44135418896484374 0.5935633534370947 0.44157339501953125 0.6060822594033722 0.43390118701171876 0.6104493197146563 0.424256125 0.607246808690013 0.4187759765625 0.5988038249027238 0.4165839169921875 0.5926899416342413
9 0.25146484375 0.7361191322957199 0.25429506640625 0.7471068229571983 0.2639401279296875 0.7514738832684824 0.27336598388671873 0.7616636893644617 0.27511963134765627 0.772435771076524 0.2746812197265625 0.790195149156939 0.287470876953125 0.7989623865110247 0.288428771484375 0.7989623865110247 0.310546875 0.7214902431906615 0.310546875 0.7209408690012971 0.3051508466796875 0.7046007704280156 0.2981362563476562 0.697322337224384 0.2722699541015625 0.6999425732814526 0.26218648095703123 0.7060564571984436 0.25977521533203124 0.7177019513618677 0.255171890625 0.7252715220492866 0.25146484375 0.7359873677042802 0.25146484375 0.7361191322957199
9 0.236152212890625 0.64113828923476 0.23900189013671874 0.6478344474708172 0.24470124462890624 0.6487078599221789 0.24864695166015624 0.6417205635538262 0.25061980517578125 0.6559862931258106 0.25653836572265626 0.6612267658884565 0.2620185146484375 0.6638470019455253 0.26662183935546874 0.6679229247730221 0.2703515712890625 0.6731517509727627 0.27071952880859373 0.6731517509727627 0.2736364296875 0.6673406498054475 0.279554990234375 0.6487078599221789 0.27911657861328126 0.6315307568093386 0.285911962890625 0.633277579766537 0.28759765625 0.6273751692607004 0.28759765625 0.6236300155642023 0.2821854619140625 0.6146447898832685 0.27451325341796873 0.6079486316472114 0.2662848100585937 0.6057068741893644 0.26597096630859374 0.6057068741893644 0.26684104541015624 0.6169738897535668 0.2635529560546875 0.6259991465629053 0.258292013671875 0.6271636964980545 0.25259265869140624 0.621340948767834 0.24842774560546876 0.6117334176394292 0.24097474365234375 0.6198852626459144 0.2372482421875 0.6335687178988326 0.236152212890625 0.64113828923476
2 0.8045485791015625 0.3395078099870298 0.8109055517578125 0.34533055771725035 0.8124399931640625 0.34241918417639433 0.8142813896484375 0.35084306095979245 0.8148656435546875 0.35084306095979245 0.8207698193359375 0.34300145849546043 0.830414880859375 0.3432925953307393 0.8321685283203125 0.32960914072632946 0.83349609375 0.325299097924773 0.83349609375 0.3225184896238651 0.8319493227539062 0.32087502010376134 0.82296187890625 0.32728004150453954 0.8192353774414063 0.332520513618677 0.81660490625 0.32728004150453954 0.8152896704101562 0.3202927451361868 0.8095903159179687 0.3185459215304799 0.8056446088867187 0.32990027756160833 0.8045485791015625 0.3395078099870298
2 0.8188147749023438 0.3742303054474708 0.8185955688476563 0.3841289753566796 0.8161843037109375 0.39577446887159534 0.8102657431640625 0.4024706277561608 0.8076352719726563 0.4112047477302205 0.8121175493164062 0.42282749675745784 0.8123276489257812 0.42282749675745784 0.8179379516601563 0.403052902075227 0.8236373061523438 0.3879137607003891 0.830213484375 0.3797619143968872 0.8363512509765625 0.3823821511024643 0.8402969575195313 0.39577446887159534 0.8431466357421875 0.40916678664072637 0.8453386948242188 0.416445219844358 0.848845990234375 0.39169854604409854 0.8564453125 0.39225926848249026 0.8564453125 0.37084855642023346 0.8508188432617187 0.3561797898832685 0.8429274296875 0.3494836316472114 0.8297750727539063 0.3445342963683528 0.8212260400390625 0.34540770881971466 0.815526685546875 0.3515215927367056 0.8102657431640625 0.3646227730220493 0.8133346264648438 0.3724834811932555 0.8188147749023438 0.3742303054474708
2 0.913209240234375 0.35222177821011674 0.9230735083007813 0.35746225097276263 0.919566212890625 0.36386727172503247 0.925046361328125 0.37318366666666664 0.9272384213867187 0.38628484695201043 0.9300373740234374 0.38715953307393 0.9310790053710938 0.38715953307393 0.9360066591796875 0.3746393534370947 0.9365234375 0.35799520233463034 0.9365234375 0.34522194228274966 0.9311841279296875 0.3277662412451362 0.9241695380859375 0.32369031841763946 0.9189085947265625 0.3263105544747082 0.9116747983398438 0.3263105544747082 0.9075098857421875 0.33853832295719843 0.9046602084960937 0.3414496964980545 0.9101403569335937 0.34319652010376134 0.913209240234375 0.35222177821011674
9 0.8600745405273438 0.3602540758754864 0.8679891079101563 0.3664072632944228 0.8691068432617187 0.3664072632944228 0.8701171875 0.3476208839169909 0.8701171875 0.3351879007782101 0.8697196020507812 0.323570771076524 0.8624858056640625 0.31308982684824904 0.8541559794921875 0.31600120038910506 0.8563480390625 0.323570771076524 0.8572248627929687 0.3314314792477302 0.85481359765625 0.3436592477302205 0.8550328037109375 0.3579249766536965 0.8600745405273438 0.3602540758754864