7 0.15918696484375 0.40853650907911804 0.1649218662109375 0.40392027691309984 0.1649218662109375 0.3951494370946822 0.16335780224609375 0.3845321037613489 0.160577244140625 0.3771461329442283 0.1584918251953125 0.3764536984435798 0.15692776123046875 0.3785310025940337 0.1537996328125 0.38614778469520106 0.1537996328125 0.3942261906614786 0.155363697265625 0.4055359584954605 0.15918696484375 0.40853650907911804
7 0.13850656201171874 0.43831120363164716 0.14059198095703124 0.434387406614786 0.14389389404296876 0.43184847924773023 0.1459793125 0.4283863054474708 0.14615309765625 0.4177689721141375 0.14354632421875 0.40853650907911804 0.139549271484375 0.40276621919584954 0.13537843408203126 0.40392027691309984 0.1310338115234375 0.40622839299610897 0.12946974755859375 0.4094597548638132 0.1272105439453125 0.4184614072632944 0.1286008232421875 0.42700143579766536 0.1348570791015625 0.4362338994811933 0.13850656201171874 0.43831120363164716
9 0.1009690244140625 0.43715714591439686 0.10583500146484374 0.4477744785992218 0.105661216796875 0.43923445006485085 0.108267990234375 0.43854201491569395 0.109484484375 0.44615879766536964 0.11000583935546875 0.4544680149156939 0.11313396728515625 0.45677613035019454 0.11695723486328125 0.4523907101167315 0.11382910693359374 0.4401576964980545 0.10913691455078126 0.4290787399481193 0.1063563564453125 0.4219235810635539 0.10201173388671875 0.42076952269779505 0.100447669921875 0.41961546498054475 0.099057390625 0.4263090012970168 0.1009690244140625 0.43715714591439686
9 0.1167834501953125 0.44085013099870296 0.118695083984375 0.4447739280155642 0.1244299853515625 0.4426966238651103 0.126515404296875 0.43877282684824903 0.12356106103515625 0.42538575486381325 0.12234456689453126 0.43069442088197146 0.118695083984375 0.4263090012970168 0.12234456689453126 0.42169276913099873 0.1207805029296875 0.41638410311284046 0.1181737294921875 0.41222949416342414 0.11626209521484375 0.4113062477302205 0.1153931708984375 0.4173073488975357 0.11574074072265625 0.42353926199740594 0.11469803125 0.4295403631647211 0.1167834501953125 0.44085013099870296
9 0.24034451123046874 0.3289065116731517 0.24156100537109376 0.3372157282749676 0.24868618603515624 0.3356000473411154 0.25129295947265623 0.33236868547341114 0.24938132568359375 0.31944323605706876 0.25303080859375 0.3143653813229572 0.24938132568359375 0.3079026569390402 0.24625319775390625 0.30420967185473413 0.2445153486328125 0.3092875265888456 0.241213435546875 0.310441584306096 0.23756395263671876 0.30651778728923473 0.2353047490234375 0.31367294682230873 0.23513096435546876 0.32105891763942934 0.23895423193359375 0.32175135214007783 0.24034451123046874 0.3289065116731517
9 0.2665860302734375 0.35106442347600525 0.26954037353515625 0.35129523540856034 0.26954037353515625 0.33652329377431905 0.2717995771484375 0.3351384241245136 0.27214714697265624 0.3422935836575875 0.27110443798828127 0.35221848184176396 0.27666555419921873 0.34991036575875484 0.2759704150390625 0.3404470907911803 0.27371121142578125 0.32544433787289234 0.27023551318359373 0.3182891783398184 0.2664122456054687 0.32175135214007783 0.26606467578125 0.3282140765239948 0.2655433212890625 0.3411395252918288 0.2665860302734375 0.35106442347600525
9 0.311770103515625 0.32313622178988327 0.314376876953125 0.3224437866407263 0.3124652431640625 0.3120572652399481 0.31020603955078124 0.31113401945525293 0.30812062060546874 0.3173659319066148 0.30777305078125 0.32498271465629053 0.306382771484375 0.32429027950713357 0.30429735302734373 0.31921242477302203 0.30499249267578127 0.33006056939040207 0.306382771484375 0.33860059792477304 0.31281281298828123 0.3397546556420233 0.311770103515625 0.32313622178988327
5 0.3646007119140625 0.22227155836575876 0.36738127001953125 0.22227155836575876 0.36477449658203126 0.21557802204928664 0.35990851953125 0.2176553261997406 0.361298798828125 0.2248104857328145 0.3619939384765625 0.22942671725032426 0.36512206640625 0.23034996368352786 0.3646007119140625 0.22227155836575876
9 0.40404988330078123 0.2896685415045395 0.40526637744140626 0.29636207782101165 0.40995856982421874 0.29266909208819714 0.41169641845703125 0.28205175940337224 0.413434267578125 0.2774355272373541 0.4113488486328125 0.2688954987029831 0.40404988330078123 0.2712036147859922 0.40126932470703125 0.2815901361867704 0.4050925927734375 0.28205175940337224 0.40404988330078123 0.2896685415045395
7 0.41847402978515624 0.2903609766536965 0.421428373046875 0.2908225992217899 0.4257729951171875 0.2942847730220493 0.4311603271484375 0.2905917879377432 0.429248693359375 0.27951283203631644 0.426641919921875 0.2732809189364462 0.424035146484375 0.2705111796368353 0.4205594482421875 0.26704900583657587 0.41638861083984374 0.2688954987029831 0.4141294072265625 0.27674309273670555 0.4155196865234375 0.2799744546044099 0.41899538427734373 0.27974364332036317 0.41847402978515624 0.2903609766536965
7 0.3894519521484375 0.24189054280155645 0.3875403178710938 0.23358132619974062 0.3896257368164063 0.22919590596627756 0.3866713935546875 0.22527210894941635 0.38389083544921876 0.2238872392996109 0.37971999755859376 0.22781103631647212 0.3814578466796875 0.2342737607003891 0.3811102768554688 0.24096729701686123 0.3852811142578125 0.243506224383917 0.3894519521484375 0.24189054280155645
9 0.49546073828125 0.25296949935149154 0.49528695361328123 0.25873978923476004 0.5031072739257813 0.2615095278858625 0.5055402626953125 0.2580473540856031 0.5044975532226562 0.24904570233463036 0.5084946059570312 0.24789164461738003 0.5057140473632813 0.2388899922178988 0.5018907797851563 0.23542781841763943 0.4958083081054688 0.23450457198443578 0.4911161162109375 0.24050567380025942 0.4897258369140625 0.2441986588845655 0.49407045947265626 0.24466028210116733 0.49546073828125 0.25296949935149154
7 0.5771396396484375 0.23635106485084306 0.575228005859375 0.22965752918287938 0.570014458984375 0.2271186018158236 0.564627126953125 0.22642616666666668 0.5651484819335938 0.24881489040207522 0.57401151171875 0.24950732555123217 0.5743590815429688 0.2370435 0.5771396396484375 0.23635106485084306
9 0.4151721166992188 0.4230776387808041 0.42021187841796875 0.42353926199740594 0.42247108203125 0.4205387114137484 0.4235137915039062 0.42977117509727625 0.4278584140625 0.43461821789883265 0.43063897216796876 0.4484669130998703 0.43932821728515625 0.4510058411154345 0.44819124658203124 0.44338905836575876 0.444889333984375 0.42492413164721143 0.4415874208984375 0.4156916679636835 0.4480174619140625 0.4126911173800259 0.442282560546875 0.399765668612192 0.43724279833984375 0.3983807989623865 0.43654765869140627 0.40530514656290534 0.43255060595703126 0.4092289435797665 0.42768462890625 0.4076132626459144 0.42612056494140627 0.40322784241245135 0.4245565009765625 0.40068891504539556 0.41777889013671876 0.4083056971465629 0.4151721166992188 0.4230776387808041
9 0.50328105859375 0.48216540531776914 0.5067567568359375 0.48932056420233466 0.5060616171875 0.49693734630350195 0.507451896484375 0.5054773754863813 0.5144032919921875 0.5096319837872892 0.523092537109375 0.5082471141374838 0.528132298828125 0.49947627431906616 0.5296963627929687 0.4913978683527886 0.5269158046875 0.4777799850843061 0.525525525390625 0.4664702172503242 0.5218760424804687 0.4583918119325551 0.5168362807617187 0.45585288391699097 0.5159673564453126 0.4595458696498054 0.5111013793945313 0.4616231738002594 0.5060616171875 0.46370047795071334 0.50067428515625 0.46900914461738 0.49650344775390626 0.47547186900129706 0.4999791459960938 0.48147297016861224 0.50328105859375 0.48216540531776914
2 0.44958152587890626 0.6003409377431906 0.4546212880859375 0.59872525616083 0.4622678232421875 0.5945706478599222 0.4610513291015625 0.584184126459144 0.45896591015625 0.5818760103761349 0.452535869140625 0.5818760103761349 0.450102880859375 0.5878771121919585 0.4494077412109375 0.5945706478599222 0.44958152587890626 0.6003409377431906
2 0.41986430859375 0.6100350239948119 0.4205594482421875 0.6192674876783398 0.4216021577148438 0.6271150817120622 0.43654765869140627 0.6181134299610894 0.447496107421875 0.6065728501945525 0.4466271826171875 0.5860306193255512 0.44176120556640625 0.5846457496757458 0.442108775390625 0.595032271076524 0.44176120556640625 0.6044955460440985 0.43654765869140627 0.6100350239948119 0.43081275732421875 0.6107274591439689 0.4243827158203125 0.6065728501945525 0.4191691689453125 0.6010333722438391 0.4165623955078125 0.5922625317769131 0.40908964501953127 0.5998793145265888 0.41187020361328125 0.6091117775616083 0.416214826171875 0.6114198936446174 0.41986430859375 0.6100350239948119
9 0.3331456455078125 0.6841255434500648 0.34218246044921874 0.7016672243839169 0.35382604833984377 0.7115921225680935 0.35643282177734376 0.7108996874189364 0.3539998330078125 0.7000515428015565 0.36355800244140624 0.7046677749675745 0.3658172060546875 0.7021288476005189 0.3670337001953125 0.7108996874189364 0.3724210322265625 0.707668325551232 0.38058892236328123 0.6827406738002595 0.37798214892578125 0.6670454863813229 0.363905572265625 0.6497346173800259 0.34861250146484374 0.6402713424124513 0.34339895458984376 0.6448875739299611 0.33940190185546876 0.6615060077821012 0.33644755859375 0.6677379208819714 0.33175536669921873 0.6718925298313878 0.3331456455078125 0.6841255434500648
9 0.2509453896484375 0.736058150453956 0.25407351806640627 0.7450598028534371 0.2578967856445312 0.7501376575875487 0.26589089111328124 0.7499068456549935 0.27301607177734377 0.7614474254215304 0.27423256591796874 0.7771426128404669 0.27614419970703125 0.7921453664072633 0.28796157275390627 0.7981464675745784 0.31037982421875 0.7201321511024643 0.3070779111328125 0.7039753398184176 0.295955677734375 0.6958969345006485 0.27423256591796874 0.6977434273670557 0.26762873974609375 0.7072067023346303 0.2587657099609375 0.7189780933852139 0.25059781982421875 0.7272873106355382 0.2509453896484375 0.736058150453956
9 0.1859498388671875 0.6575822114137484 0.18542848388671876 0.6765087613488976 0.18473334423828125 0.6829714857328146 0.196898287109375 0.6827406738002595 0.1955080078125 0.6896650214007782 0.20384968310546875 0.6956661232166018 0.2041972529296875 0.6834331089494163 0.21045350927734374 0.6820482392996108 0.21132243359375 0.6705076601815824 0.21427677685546875 0.6635833125810635 0.2172311201171875 0.6543508488975357 0.213755421875 0.6462724435797665 0.2106272939453125 0.6375016031128404 0.20558753173828126 0.6370399798962386 0.20315454345703124 0.6418870233463035 0.19342258935546874 0.6414254001297016 0.18820904248046874 0.6460416316472114 0.1859498388671875 0.6575822114137484
2 0.9215813037109375 0.34991036575875484 0.9163677568359375 0.3596044526588846 0.9229715825195313 0.36814448119325555 0.9257521411132813 0.3785310025940337 0.9292278388671875 0.38522453826199743 0.9335724614257812 0.3799158722438392 0.9373957290039062 0.36537474189364466 0.935310310546875 0.34183196044098574 0.9294016240234375 0.3235978450064851 0.9238405073242187 0.3173659319066148 0.9203648090820312 0.3178275551232166 0.9160201870117187 0.32521352594033726 0.9118493491210937 0.31921242477302203 0.9071571572265625 0.3344459896238651 0.9118493491210937 0.33860059792477304 0.9120231342773437 0.34390926459143967 0.9215813037109375 0.34991036575875484
2 0.8061881328125 0.3815315531776913 0.8103589702148437 0.38314723411154344 0.8133133134765625 0.39007158171206224 0.8129657436523438 0.39791917574578467 0.809837615234375 0.40392027691309984 0.8084473364257813 0.40899813229571985 0.8075784116210938 0.4179997840466926 0.8110541098632813 0.42492413164721143 0.8147035922851562 0.4066900162127107 0.8193957846679687 0.3949186251621271 0.8221763427734375 0.38291642282749677 0.8270423203125 0.3801466835278859 0.8329510063476563 0.38684021984435796 0.8369480590820313 0.39999647989623865 0.8397286176757812 0.41292192931258104 0.84250917578125 0.40853650907911804 0.8432043154296875 0.38937914721141376 0.8466800131835938 0.38614778469520106 0.851545990234375 0.38522453826199743 0.8487654321289062 0.36606717704280156 0.8447683793945312 0.35591146692607 0.83729562890625 0.3482946848249028 0.8301704482421876 0.34506332230868997 0.8226976977539062 0.3443708878080415 0.8160938715820313 0.34714062645914395 0.80862112109375 0.3519876699092088 0.8053192080078125 0.35937364072632944 0.80601434765625 0.37137584306095983 0.8061881328125 0.3815315531776913
9 0.8480702924804687 0.3545265972762646 0.85293626953125 0.3600660758754864 0.8583236015625 0.3586812062256809 0.867360416015625 0.36560555382619975 0.8704885439453125 0.3642206841763943 0.8715312534179688 0.34506332230868997 0.869967189453125 0.3238286562905318 0.8652749970703125 0.3171351206225681 0.8602352353515625 0.3150578158236057 0.85814981640625 0.3270600188067445 0.8546741186523438 0.3395238443579766 0.851719775390625 0.34390926459143967 0.8496343564453125 0.3356000473411154 0.8496343564453125 0.32544433787289234 0.8472013681640626 0.31990485927367057 0.8445945947265625 0.32267459857328146 0.841292681640625 0.3139037581063554 0.8409451118164063 0.3282140765239948 0.8397286176757812 0.3413703372243839 0.8426829609375 0.35037198897535665 0.8480702924804687 0.3545265972762646