1 0.0964506171875 0.38937914721141376 0.095234123046875 0.3785310025940337 0.09349627392578125 0.3743763942931258 0.0959292626953125 0.37091422049286643 0.09227977978515625 0.3632974377431907 0.087240017578125 0.3609893216601816 0.0841118896484375 0.3609893216601816 0.0815051162109375 0.3716066549935149 0.08237404052734375 0.3801466835278859 0.0881089423828125 0.39330294422827494 0.0964506171875 0.38937914721141376
9 0.10559425390625 0.4390671647211414 0.10830784912109374 0.43765688456549934 0.10925170849609375 0.4517596841763943 0.1110214443359375 0.4564606173800259 0.11503284619140625 0.4548936394293126 0.11692056494140625 0.44972261284046694 0.1122012685546875 0.43656 0.10724600732421875 0.42480766666666664 0.104296447265625 0.42026343125810633 0.10122890478515625 0.42151701361867705 0.10016706298828125 0.4237107827496758 0.10052101025390625 0.4353064176394293 0.10252671142578125 0.4436114001297017 0.1063021484375 0.44878242671854734 0.10559425390625 0.4390671647211414
7 0.12340959716796875 0.43499302204928664 0.12376354443359375 0.4313889734111544 0.1258872275390625 0.4353064176394293 0.1264771396484375 0.4426712133592737 0.13780345068359376 0.4338961381322957 0.13733152099609375 0.4274715291828794 0.13898327490234375 0.42042012905317766 0.1415788876953125 0.41211514721141373 0.13650564404296875 0.4071008184176394 0.1280109111328125 0.4064740272373541 0.12293766748046875 0.4092945875486381 0.1203420546875 0.41258524059662777 0.11916223046875 0.4154058002594034 0.11621267041015625 0.4226138981841764 0.11408898681640625 0.4309188800259403 0.11798240625 0.43452292866407266 0.12340959716796875 0.43499302204928664
7 0.1428766943359375 0.4127419383916991 0.14004511669921876 0.41853975616083006 0.13921923974609374 0.42512106225680935 0.1421687998046875 0.42339738715953307 0.148067919921875 0.4199500356679637 0.1479499375 0.4127419383916991 0.14641616650390624 0.4030266763942931 0.14629818408203124 0.3944082989623865 0.14429248291015626 0.39143104085603114 0.13945520458984376 0.3937815077821012 0.134853890625 0.39675876523994813 0.133320119140625 0.4030266763942931 0.134499943359375 0.40569053826199736 0.13980915185546874 0.4080410051880674 0.1428766943359375 0.4127419383916991
9 0.1262411748046875 0.34066096173800264 0.13143240087890626 0.34019086835278856 0.13367406640625 0.33846719325551233 0.13166836572265625 0.32577467315175096 0.13414599609375 0.32420769584954606 0.13202231298828124 0.3182531802853437 0.12966266455078124 0.316529504539559 0.13013459423828125 0.3234242068741894 0.1287188056640625 0.32608806874189367 0.1265951220703125 0.32013355382619973 0.1256512626953125 0.32671485992217897 0.12399950927734375 0.32671485992217897 0.12211179052734375 0.32107373994811933 0.1212859140625 0.329065326848249 0.12517933349609375 0.3293787224383917 0.1255332802734375 0.3365868197146563 0.1262411748046875 0.34066096173800264
9 0.1854683427734375 0.3050905674448768 0.18936176220703124 0.3021133093385214 0.1855863251953125 0.28252608754863817 0.18381658935546874 0.28017562127107654 0.18145694091796874 0.28299618093385215 0.18051308203125 0.2906743715953307 0.18051308203125 0.30305349610894944 0.181102994140625 0.30587405577172505 0.1854683427734375 0.3050905674448768
7 0.15207932177734376 0.2950619098573281 0.15172537451171875 0.29114446498054475 0.15396704052734375 0.2953753054474708 0.15455695263671876 0.2997628430609598 0.1557367763671875 0.30274010051880673 0.163995544921875 0.30007623865110244 0.16234379150390624 0.2891073942931258 0.16187186181640625 0.2851899500648508 0.164703439453125 0.28660022957198444 0.16552931640625 0.2934949319066148 0.16718106982421874 0.2895774876783398 0.16659115771484376 0.2826827853437095 0.16104598486328126 0.27923543450064847 0.1579784423828125 0.2789220389105058 0.15502888232421874 0.2836229721141375 0.15172537451171875 0.28377966990920883 0.1493657265625 0.2905176738002594 0.14912976171875 0.2958453981841764 0.15231528662109375 0.2988226562905318 0.15207932177734376 0.2950619098573281
9 0.2577915581054688 0.34144445071335927 0.25720164599609374 0.3519432016861219 0.25649375146484377 0.35852450843060957 0.2633367314453125 0.3580544150453956 0.2655783969726562 0.35335348184176396 0.2623928720703125 0.33501984241245136 0.2602691884765625 0.32467778923476004 0.25720164599609374 0.32373760246433203 0.254724015625 0.32608806874189367 0.25307226171875 0.33611672632944234 0.254134103515625 0.3528833884565499 0.255313927734375 0.3420712418936446 0.2577915581054688 0.34144445071335927
9 0.3065182919921875 0.32499118482490275 0.30852399267578123 0.3238943002594034 0.3069902216796875 0.3151192250324254 0.30427662646484377 0.31308215369649806 0.30297881982421876 0.3207603443579767 0.3025068901367188 0.327184953307393 0.300619171875 0.32123043774319066 0.298613470703125 0.3199768560311284 0.29684373486328125 0.32123043774319066 0.2992033828125 0.33047560635538265 0.300737154296875 0.34301142866407264 0.3080520634765625 0.3411310551232166 0.3065182919921875 0.32499118482490275
9 0.29495601611328126 0.32577467315175096 0.29354022705078125 0.32029025097276265 0.29578189306640623 0.31935006485084305 0.2943661040039062 0.31026159403372244 0.2910625966796875 0.3069709403372244 0.2896468081054687 0.31402234046692606 0.2903547021484375 0.32013355382619973 0.28858496630859376 0.31966346044098576 0.2881130366210938 0.3152759221789883 0.284809529296875 0.32029025097276265 0.285045494140625 0.33047560635538265 0.28492751171875 0.3342363534370947 0.2910625966796875 0.33298277107652396 0.29495601611328126 0.32577467315175096
1 0.35748669140625 0.33047560635538265 0.360672216796875 0.3417578463035019 0.3676331787109375 0.3417578463035019 0.37070072119140624 0.338780588845655 0.37388624609375 0.338310495460441 0.374240193359375 0.32373760246433203 0.37152659814453126 0.31339554928664076 0.36893098486328124 0.3079111271076524 0.36362177685546876 0.30650084695201035 0.3567787973632813 0.3080678249027238 0.3518235361328125 0.31182857133592734 0.3501717822265625 0.32467778923476004 0.35453713134765624 0.32405099805447474 0.35748669140625 0.33047560635538265
1 0.36373975927734375 0.2909877671854734 0.3669252841796875 0.2949052120622568 0.3656274775390625 0.3021133093385214 0.37671782373046875 0.30117312256809337 0.375655982421875 0.2898908832684825 0.374712123046875 0.28487655447470817 0.37695378857421874 0.2811158073929961 0.37707177099609374 0.2754746880674449 0.373296333984375 0.27187063878080414 0.3660994072265625 0.2734376167315175 0.358076603515625 0.2762581763942931 0.358666515625 0.2826827853437095 0.3631498471679688 0.28174259857328143 0.36373975927734375 0.2909877671854734
5 0.37022879150390625 0.217809906614786 0.3676331787109375 0.21749651102464332 0.3664533544921875 0.2214139552529183 0.36338581201171877 0.22266753761348898 0.36185204052734377 0.22078716472114135 0.36338581201171877 0.22862205317769133 0.37034677392578125 0.22924884435797666 0.3696388793945313 0.2214139552529183 0.37022879150390625 0.217809906614786
7 0.390403783203125 0.22642828404669263 0.38981387109375 0.223137630998703 0.387808169921875 0.224077817769131 0.38403273291015627 0.22783856420233464 0.38568448681640627 0.235203359922179 0.3855665043945313 0.23865071076523994 0.39240948388671876 0.23614354604409857 0.390403783203125 0.22642828404669263
7 0.41930947265625 0.22392111997405964 0.41789368359375 0.21561613813229571 0.417775701171875 0.21263888002594036 0.4121125458984375 0.211541995460441 0.4097528974609375 0.2160862308690013 0.4115226337890625 0.223607724383917 0.4114046513671875 0.2315993106355383 0.418247630859375 0.229875635538262 0.41930947265625 0.22392111997405964
7 0.45069279248046873 0.22736847081712064 0.45293445849609376 0.22517470233463033 0.4525805112304688 0.22219744422827498 0.446799373046875 0.22204074643320362 0.4414901650390625 0.22251083981841766 0.4410182353515625 0.23081582230869002 0.44314191845703127 0.23990429312581063 0.4523445463867187 0.2402176887159533 0.45069279248046873 0.22736847081712064
9 0.47558708056640625 0.23018903112840466 0.4747612036132812 0.21702641763942931 0.47582304541015624 0.21232548443579766 0.47464322119140623 0.21107190207522697 0.46732831201171876 0.21295227561608301 0.46544059326171877 0.216869719844358 0.46603050537109375 0.22439121335927367 0.4667383999023437 0.23050242671854737 0.47558708056640625 0.23018903112840466
9 0.5041388227539062 0.2596482127107652 0.5075603125 0.2577678391699092 0.5061445239257812 0.24131457263294423 0.510037943359375 0.23818061738002594 0.508150224609375 0.23332298638132296 0.5016611923828125 0.2367703372243839 0.49611601904296876 0.23645694163424125 0.49529014208984373 0.24288155058365757 0.49694189599609373 0.2532236037613489 0.49670593115234374 0.2605883994811933 0.5041388227539062 0.2596482127107652
7 0.5709168647460937 0.24930615953307392 0.581889228515625 0.24946285732814524 0.58153528125 0.2336363819714656 0.584956771484375 0.2322261018158236 0.583423 0.22783856420233464 0.5775238798828125 0.22862205317769133 0.5698550234375 0.2276818664072633 0.5670234453125 0.233793079766537 0.567377392578125 0.23865071076523994 0.569973005859375 0.23865071076523994 0.5709168647460937 0.24930615953307392
9 0.596401064453125 0.2383373151750973 0.6069014990234375 0.2392775019455253 0.6078453579101563 0.2315993106355383 0.6110308833007813 0.23003233333333334 0.6111488657226563 0.22611488845654992 0.6067835166015625 0.22721177302204928 0.6037159736328125 0.22564479571984436 0.6005304487304688 0.2228242354085603 0.596401064453125 0.22486130674448768 0.5948672934570313 0.23003233333333334 0.59675501171875 0.2322261018158236 0.596401064453125 0.2383373151750973
9 0.6502010419921875 0.2464855992217899 0.6525606899414063 0.24397843514915693 0.6526786723632813 0.2367703372243839 0.6546843735351563 0.23598684824902724 0.6535045493164062 0.2330095907911803 0.6497291123046876 0.23269619520103763 0.6485492885742188 0.23614354604409857 0.6481953413085938 0.24006099092088198 0.6459536752929688 0.23880740856031127 0.6458356928710938 0.23614354604409857 0.6480773588867188 0.23050242671854737 0.6454817456054688 0.22956223994811933 0.6447738515625 0.23755382619974058 0.6451277983398438 0.24758248378728925 0.6502010419921875 0.2464855992217899
9 0.5055546118164063 0.4763612347600519 0.5080322421875 0.4843528210116731 0.509094083984375 0.4951649675745785 0.5105098725585937 0.5080141854734112 0.5155831162109376 0.5105213495460441 0.521482236328125 0.5089543715953307 0.5263195151367187 0.5039400428015565 0.5297410048828125 0.4940680830090791 0.5296230224609375 0.48717338132295723 0.5282072338867188 0.47698802594033723 0.5269094272460938 0.46695936835278856 0.524549779296875 0.45881108430609596 0.5197125004882812 0.45693071076524 0.5152291689453125 0.4600646660181582 0.5112177670898438 0.46178834176394296 0.5056725942382813 0.46476559922178984 0.5015432099609375 0.467586159533074 0.4998914560546875 0.47260048832684826 0.5055546118164063 0.4763612347600519
9 0.494110318359375 0.5120883274967575 0.49151470556640625 0.5141253981841765 0.49352040625 0.5200799137483787 0.4997734736328125 0.5258777315175097 0.508150224609375 0.5141253981841765 0.509330048828125 0.5025297632944228 0.506970400390625 0.48921045201037616 0.5052006645507813 0.4780849105058366 0.49894759716796877 0.47322727950713356 0.4908068110351563 0.47510765239948116 0.48301997216796877 0.48419612321660177 0.4850256728515625 0.5039400428015565 0.493166458984375 0.5012761809338521 0.494110318359375 0.5120883274967575
9 0.4076292143554687 0.734599167315175 0.41376429931640624 0.7156387367055772 0.4125844755859375 0.6886867191958496 0.40845509130859375 0.6739571284046693 0.3957129912109375 0.6612646089494163 0.38934194140625 0.660637817769131 0.38580246923828126 0.6665923333333333 0.3816730849609375 0.6769343865110247 0.3820270322265625 0.6924474662775616 0.39358930810546877 0.7447845226977952 0.4076292143554687 0.734599167315175
9 0.26510646728515624 0.6741138261997406 0.270769623046875 0.671293266536965 0.27926435595703125 0.6752107107652399 0.28303979296875 0.6832022970168612 0.30970381689453125 0.6806951329442282 0.3081700458984375 0.6700396841763944 0.3055744326171875 0.6579739552529182 0.3039226791992187 0.6491988800259403 0.30179899560546875 0.639326920233463 0.3056924150390625 0.635879569390402 0.30958583447265625 0.6263210051880674 0.30427662646484377 0.6159789520103761 0.29896741796875 0.608770854085603 0.28752312451171874 0.6061069922178989 0.28716917724609375 0.6140985784695201 0.2816240043945312 0.6269477963683528 0.27454506005859375 0.6267910985732815 0.269353833984375 0.6214633741893645 0.2658143618164063 0.6203664896238651 0.25967927685546877 0.6313353339818418 0.254841998046875 0.6493555778210116 0.2577915581054688 0.671763359922179 0.26510646728515624 0.6741138261997406
9 0.2600332236328125 0.7654686290531778 0.267938044921875 0.7718932380025941 0.27324725341796874 0.770012864461738 0.2760788310546875 0.7736169130998702 0.2747810244140625 0.7805116154345008 0.2766687431640625 0.790383575226978 0.2832757578125 0.7980617658884566 0.3196143388671875 0.7206530654993514 0.30970381689453125 0.7054533813229571 0.2973156640625 0.7084306387808043 0.2823318984375 0.7187726919584955 0.270651640625 0.7280178605706874 0.2605051533203125 0.7369496342412452 0.2576735756835937 0.7510524338521402 0.2600332236328125 0.7654686290531778
2 0.8031062407226562 0.38970736575875486 0.80558387109375 0.4033400719844358 0.80747158984375 0.4072575162127108 0.8052299243164063 0.40960798249027236 0.805937818359375 0.41775626718547343 0.8097132553710937 0.4257478534370947 0.8198597426757812 0.37999210311284043 0.8275285991210938 0.3785818236057069 0.83696719140625 0.40224318741893644 0.838736927734375 0.40631732944228277 0.836377279296875 0.3785818236057069 0.8406246459960938 0.37670145006485084 0.83555140234375 0.36040488132295717 0.8278825463867188 0.34849585084306095 0.8185619360351563 0.3452051971465629 0.8143145693359375 0.34316812645914396 0.8044040473632813 0.34583198832684825 0.8005106279296875 0.3525699928664072 0.7950834370117188 0.36228525486381324 0.79390361328125 0.3723139124513619 0.7959093139648438 0.3908042496757458 0.8031062407226562 0.38970736575875486
9 0.8351974555664062 0.33313946887159535 0.8394448217773437 0.3390939844357977 0.8431022763671875 0.3455185927367056 0.837793068359375 0.3524132950713359 0.8413325405273437 0.3613450680933852 0.8502992036132813 0.35962139299610896 0.85289481640625 0.35601734370946825 0.8610356025390625 0.3600914857328145 0.8585579716796875 0.35570394811932554 0.8578500776367187 0.34708557068741897 0.8607996376953125 0.33752700648508427 0.8619794614257813 0.3307890019455253 0.8676426171875 0.3296921180285344 0.86599086328125 0.3146491316472114 0.8595018310546875 0.31402234046692606 0.8545465698242187 0.31840987808041504 0.8492373618164063 0.3152759221789883 0.8458158720703125 0.312612060311284 0.8436921884765625 0.30994819844357974 0.839090875 0.3231108112840467 0.835669384765625 0.3036802872892348 0.8305961416015625 0.315589317769131 0.8271746518554688 0.327184953307393 0.8317759653320312 0.3370569130998703 0.8351974555664062 0.33313946887159535
2 0.896548306640625 0.34755566407263294 0.8937167290039062 0.3546070642023346 0.8966662890625 0.35727092607003896 0.9020934799804687 0.36244195265888457 0.9046890927734375 0.3671428858625162 0.9055149697265625 0.3760746588845655 0.91094216015625 0.36588930350194554 0.9116500546875 0.3553905525291829 0.9101162836914063 0.34301142866407264 0.9070487407226563 0.3226407178988327 0.9040991806640625 0.3149625272373541 0.898436025390625 0.3132388514915694 0.8951325180664063 0.316529504539559 0.8914750634765625 0.327184953307393 0.8891154150390626 0.34034756614785994 0.8925369047851562 0.3453618949416343 0.896548306640625 0.34755566407263294