9 0.6799852387695312 0.3711755234375 0.692733494140625 0.3769905169270833 0.7021269458007813 0.3783324388020833 0.7024624262695313 0.36267668619791665 0.70548175 0.35059939192708334 0.7068236713867188 0.33673286783854167 0.714875201171875 0.33181248893229165 0.714875201171875 0.31928788671875 0.7131977993164063 0.309894435546875 0.7061527104492188 0.30631597786458337 0.7021269458007813 0.30631597786458337 0.693404455078125 0.30407944205729165 0.6887077294921875 0.31034174283854166 0.68401100390625 0.32062980859375 0.6786433173828125 0.3259974947916667 0.6762949545898438 0.3385220970052083 0.6739465913085938 0.34836285546874995 0.672269189453125 0.36446591536458334 0.6799852387695312 0.3711755234375
12 0.6357018251953125 0.34836285546874995 0.63972758984375 0.34388978320312497 0.6383856684570313 0.331365181640625 0.6387211489257812 0.323760958984375 0.6377147075195313 0.31794596549479165 0.628656736328125 0.3094471282552083 0.6229535693359375 0.30810520638020833 0.6189278046875 0.30765789973958335 0.6125536767578125 0.30721059244791665 0.6128891572265625 0.3233136516927083 0.607521470703125 0.338969404296875 0.6212761674804688 0.3421005546875 0.6357018251953125 0.34836285546874995
8 0.03888217919921875 0.45750581510416666 0.0422369833984375 0.46779388085937496 0.04559178759765625 0.46063696549479166 0.04894659130859375 0.45079620703124995 0.05464975830078125 0.4418500625 0.05834004296875 0.4382716048177084 0.05498523876953125 0.43111468945312503 0.046598228515625 0.43066738216145833 0.04391438525390625 0.4266416171875 0.0429079443359375 0.42261585286458336 0.0419015029296875 0.41411701562500003 0.03988862060546875 0.4100912506510417 0.03351449267578125 0.40785471484374997 0.02982420849609375 0.41903739518229166 0.0321725712890625 0.4333512259114583 0.03317901220703125 0.4458758274739583 0.03888217919921875 0.45750581510416666
0 0.15160359619140626 0.368044373046875 0.15730676318359374 0.37654320963541665 0.16904857763671874 0.37341205924479165 0.16804213623046876 0.36267668619791665 0.16837761669921875 0.35373054231770834 0.16737117529296874 0.345231705078125 0.1650228125 0.3353909466145833 0.1613325283203125 0.32733941666666666 0.1603260869140625 0.3246555735677083 0.15328099853515625 0.31839327278645835 0.1495907138671875 0.31973519401041667 0.14522946875 0.3246555735677083 0.1445585078125 0.338969404296875 0.14657139013671874 0.3510466985677083 0.15160359619140626 0.368044373046875
8 0.5065418681640625 0.23653605273437497 0.5155998388671875 0.23653605273437497 0.5192901235351562 0.23608874544270833 0.5249932905273438 0.23206298111979165 0.520296564453125 0.22088030078124998 0.5239868491210937 0.21327607812500002 0.5179482016601562 0.20567185546875 0.5125805151367188 0.20477724088541668 0.5072128286132812 0.2065664700520833 0.5035225444335938 0.21372338541666666 0.5015096616210938 0.2217749147135417 0.5065418681640625 0.22580067968749998 0.5065418681640625 0.23653605273437497
8 0.4823872788085937 0.23340490234375 0.48842592578125 0.23295759505208333 0.49815485791015623 0.231615673828125 0.499161298828125 0.222669529296875 0.5018451420898438 0.216407228515625 0.5028515834960937 0.20790839127604166 0.4984903383789063 0.20209339778645832 0.4954710146484375 0.19985686197916666 0.4880904453125 0.1994095546875 0.4840646806640625 0.20254070507812502 0.48205179833984374 0.20701377734375 0.48104535693359374 0.21819645703125 0.4823872788085937 0.23340490234375
8 0.479032474609375 0.23295759505208333 0.479032474609375 0.22356414388020832 0.4760131508789063 0.21551261393229168 0.478361513671875 0.21238146354166665 0.478361513671875 0.20835569856770833 0.47668411181640624 0.20343531966145834 0.4723228662109375 0.20030416861979164 0.4682971015625 0.23206298111979165 0.4740002685546875 0.23564143880208333 0.479032474609375 0.23295759505208333
8 0.42837493310546876 0.22669529427083335 0.434413580078125 0.2284845234375 0.43676194287109377 0.22758990885416666 0.436090982421875 0.21909107161458333 0.436426462890625 0.21193415625 0.4394457861328125 0.20790839127604166 0.43810386474609375 0.20567185546875 0.435420021484375 0.1994095546875 0.43374261962890626 0.19583109700520832 0.4303878154296875 0.19448917513020833 0.42770397216796874 0.20030416861979164 0.42736849169921876 0.21059223502604166 0.42669753076171874 0.217749150390625 0.42837493310546876 0.22669529427083335
8 0.4511876005859375 0.22937913736979165 0.4589036499023437 0.22937913736979165 0.4589036499023437 0.21819645703125 0.4589036499023437 0.21417069270833333 0.45856816943359374 0.20746108398437502 0.456555287109375 0.1994095546875 0.4508521201171875 0.194936482421875 0.44749731591796876 0.19985686197916666 0.44548443359375 0.20880300585937497 0.44615539453125 0.22043299348958334 0.4511876005859375 0.22937913736979165
0 0.4092525498046875 0.23295759505208333 0.414620236328125 0.23340490234375 0.42233628564453124 0.23385220963541667 0.42132984423828124 0.22490606575520833 0.4203234033203125 0.21998568619791667 0.42132984423828124 0.2173018430989583 0.42132984423828124 0.20746108398437502 0.413278314453125 0.20209339778645832 0.4089170693359375 0.20254070507812502 0.4095880302734375 0.21238146354166665 0.4085815888671875 0.222669529296875 0.4092525498046875 0.23295759505208333
8 0.38140767578125 0.23295759505208333 0.38174315625 0.23743066731770834 0.39080112744140627 0.24324566080729168 0.392814009765625 0.23608874544270833 0.391136607421875 0.23116836653645834 0.39080112744140627 0.22624798697916668 0.39046564697265623 0.21909107161458333 0.38878824462890627 0.21506530664062498 0.3881172841796875 0.21193415625 0.38342055810546877 0.20746108398437502 0.3773819111328125 0.20925031315104167 0.3746980678710938 0.21506530664062498 0.37939479345703125 0.21819645703125 0.38140767578125 0.23295759505208333