1 0.086784466796875 0.39877412062256806 0.08740234375 0.3932641744487678 0.08740234375 0.38964086121919583 0.08548546875 0.3829017438391699 0.08740234375 0.3800563391699092 0.08740234375 0.3789538579766537 0.0843163701171875 0.3718600907911803 0.07925027734375 0.3696172548638132 0.07509348291015625 0.37203261673151755 0.07483368310546876 0.38117648573281454 0.07665228076171875 0.393943397535668 0.07916816845703124 0.40077821011673154 0.081813845703125 0.40077821011673154 0.086784466796875 0.39877412062256806
9 0.10638349853515625 0.44810404085603117 0.10482470068359374 0.43827006874189367 0.10768249658203125 0.43809754280155644 0.10911139453125 0.4479315155642023 0.11092295166015625 0.45590142671854733 0.11235781298828125 0.45590142671854733 0.11599608544921874 0.4522446614785992 0.11669921875 0.4485092068741893 0.11669921875 0.4468754306095979 0.11300838916015625 0.4372349137483787 0.10729279736328125 0.4255031569390402 0.10365560205078125 0.42067243385214004 0.10014830712890625 0.42101748508430614 0.0987194091796875 0.4234328469520104 0.10053800634765625 0.43447450000000004 0.10235660400390625 0.4424106887159533 0.10638349853515625 0.44810404085603117
9 0.11154139501953125 0.4286223417639429 0.11387959130859375 0.4274146614785992 0.11569818896484375 0.4319003326848249 0.1168620732421875 0.44357976653696496 0.1170284501953125 0.44357976653696496 0.122712779296875 0.44173430544747083 0.12451171875 0.4369557989623865 0.12451171875 0.43684788456549933 0.12258287890625 0.4313827555123217 0.1188157841796875 0.4277597127107652 0.1197250830078125 0.4220663605706874 0.1188157841796875 0.4146477496757458 0.11556828857421875 0.40998955188067443 0.11206099365234375 0.4139576465629053 0.11154139501953125 0.4263795064850843 0.11154139501953125 0.4286223417639429
7 0.1288000771484375 0.4409857328145266 0.1300061953125 0.4409857328145266 0.13769535302734376 0.43633011673151756 0.14146244775390626 0.43046423865110245 0.13938405078125 0.4240807827496757 0.140683048828125 0.4199401627756161 0.14522954248046874 0.4159720687418937 0.14599609375 0.41352864980544746 0.14599609375 0.4114169027237354 0.13899435107421876 0.40596557003891054 0.1319797607421875 0.40441283787289234 0.1248352705078125 0.4107962937743191 0.1213279755859375 0.42063026588845653 0.11989907763671875 0.42787635084306097 0.1253548701171875 0.4321894967574578 0.12821266650390625 0.43443233268482495 0.1288000771484375 0.4409857328145266
7 0.148119357421875 0.41357941115434504 0.14125598779296875 0.42217898832684825 0.14128653955078124 0.42217898832684825 0.14759975830078126 0.4189277114137484 0.1494140625 0.4160662412451362 0.1494140625 0.41424670687418935 0.1483791572265625 0.40874868741893644 0.14772965771484375 0.40426301621271077 0.1494140625 0.4021979695201037 0.1494140625 0.4021707140077821 0.148509056640625 0.39753450843060956 0.146300759765625 0.392358733463035 0.14136456640625 0.3932213625162127 0.137857271484375 0.395636724383917 0.1349994755859375 0.4013300765239948 0.14084496728515625 0.40478059338521405 0.14669045947265624 0.40961131647211413 0.148119357421875 0.41357941115434504
9 0.12887763134765626 0.3404669260700389 0.129849880859375 0.3404669260700389 0.13407362451171875 0.3358388871595331 0.134765625 0.3327752963683528 0.134765625 0.33209512127107654 0.1323849267578125 0.32410713035019456 0.12783843310546875 0.3173786232166018 0.12511053662109375 0.3215192431906615 0.125 0.32812562970168613 0.125 0.32927697081712065 0.1283580322265625 0.3282477503242542 0.12887763134765626 0.3351487840466926 0.12887763134765626 0.3404669260700389
7 0.13753217626953124 0.32619974059662776 0.14373532373046874 0.32619974059662776 0.14453125 0.32538658236057066 0.14453125 0.3237251277561608 0.143897267578125 0.3171293028534371 0.1415590712890625 0.30608764915693903 0.13896107470703126 0.3045349169909209 0.13753217626953124 0.30608764915693903 0.13389498193359375 0.31316120881971465 0.13337538232421875 0.3179919319066148 0.13753217626953124 0.3209248709468223 0.13753217626953124 0.32619974059662776
7 0.15088860888671876 0.29919479766536966 0.15270720654296874 0.2978145907911803 0.15127830810546875 0.2924662898832685 0.1523175068359375 0.2919487127107652 0.15387630419921874 0.2978145907911803 0.1552349189453125 0.3009079118028534 0.16091048828125 0.3009079118028534 0.16283939208984374 0.2997123748378729 0.16244969287109376 0.2926388158236057 0.16180019384765626 0.28573778274967576 0.164008490234375 0.2867729377431907 0.16452808984375 0.29298386770428014 0.16552734375 0.2909931361867704 0.16552734375 0.2830127944228275 0.16452808984375 0.2815971627756161 0.1590722978515625 0.2798719040207523 0.15569490185546875 0.2812521108949417 0.15348660546875 0.2845301018158236 0.15088860888671876 0.28470262775616084 0.1488102119140625 0.28987840272373544 0.149329810546875 0.29677943579766536 0.15088860888671876 0.29919479766536966
9 0.1818060771484375 0.30609597924773024 0.18356309619140626 0.3049906005188067 0.18460229541015624 0.2932588443579766 0.1866806923828125 0.2925687405966278 0.1866806923828125 0.29843461932555126 0.18460229541015624 0.30568070428015565 0.18896484375 0.3034274429312581 0.18896484375 0.2991664980544747 0.1884992900390625 0.29308631841763944 0.18707039208984375 0.28256224254215306 0.1848620947265625 0.2792842516212711 0.18148469970703124 0.2827347684824903 0.18031560107421876 0.2918786374837873 0.18031560107421876 0.30015987743190664 0.18104037939453124 0.30609597924773024 0.1818060771484375 0.30609597924773024
9 0.255340232421875 0.33526961154345003 0.25927734375 0.33105731647211417 0.25927734375 0.32609339883268484 0.2579382290039062 0.3185346057068742 0.2565093310546875 0.30921821076524 0.25469073291015626 0.305595168612192 0.25079373828125 0.3068028495460441 0.247286443359375 0.31318630544747084 0.24754624267578124 0.32474553566796366 0.24936484033203124 0.3344069824902724 0.255340232421875 0.33526961154345003
9 0.27133203662109373 0.33426003242542157 0.27341043408203125 0.33495013618677044 0.2747094326171875 0.3473719961089494 0.2753589311523438 0.3508225123216602 0.27685546875 0.34960785603112843 0.27685546875 0.34318645330739295 0.275748630859375 0.33564023929961084 0.27380013330078123 0.3245985862516213 0.26938353955078126 0.31994038845654993 0.265486544921875 0.3249436374837873 0.26483704541015624 0.3373654974059663 0.2661659052734375 0.35084306095979245 0.27158175439453125 0.35084306095979245 0.27133203662109373 0.33426003242542157
9 0.28720440673828124 0.3346303501945525 0.292241744140625 0.3346303501945525 0.29259261328125 0.32344622178988325 0.2939453125 0.32194907068741896 0.2939453125 0.32007858949416346 0.293112212890625 0.3134397230869001 0.2922029140625 0.3101617328145266 0.2906441162109375 0.3101617328145266 0.28830591943359374 0.32310117055771725 0.28687702099609375 0.3194781271076524 0.28401922509765626 0.32310117055771725 0.28453882421875 0.3339702976653697 0.28720440673828124 0.3346303501945525
9 0.2973300302734375 0.3254537821011673 0.29473203369140627 0.3161373871595331 0.29564133203125 0.3271790408560311 0.2971940590820312 0.33852140077821014 0.30378119970703127 0.33852140077821014 0.3046875 0.3378526796368353 0.3046875 0.3351223508430609 0.3034353212890625 0.3282141952010376 0.3021363232421875 0.32286589494163426 0.3043446201171875 0.3216582127107652 0.3039549208984375 0.31337697341115434 0.300967224609375 0.3109616121919585 0.29914862744140625 0.31734506679636837 0.29992802685546877 0.3252812561608301 0.2973300302734375 0.3254537821011673
1 0.341620302734375 0.38599977561608295 0.34351599609375 0.3962386511024643 0.3512049858398438 0.3962386511024643 0.3549999838867188 0.39445354150453954 0.3574680805664063 0.38807008560311285 0.35791015625 0.38026950259403375 0.35791015625 0.3701931128404669 0.3556494833984375 0.3613285817120623 0.348634892578125 0.35649785862516215 0.34304920068359374 0.3577055395590143 0.33668410986328123 0.3613285817120623 0.3336964130859375 0.36840214072632943 0.3331768139648438 0.37806358754863817 0.3391522060546875 0.3785811647211414 0.341620302734375 0.38599977561608295
1 0.43614473388671876 0.3120386115434501 0.4375736318359375 0.31962974837872893 0.4349756357421875 0.3315340311284047 0.4398134091796875 0.3326848249027237 0.4467000043945312 0.3326848249027237 0.449914115234375 0.33170655642023344 0.449914115234375 0.3213550064850843 0.44913471630859375 0.3144539734111544 0.451171875 0.31111170881971467 0.451171875 0.3033172548638132 0.44809551806640624 0.2980640194552529 0.445497521484375 0.2966838125810636 0.44263972509765626 0.29927170038910506 0.43783343212890624 0.30065190661478597 0.4325075390625 0.30565515629053175 0.43094874169921876 0.31186608625162127 0.43354673779296876 0.31410892153047987 0.43614473388671876 0.3120386115434501
7 0.39072180615234375 0.2263415784695201 0.39331980224609375 0.22582400259403373 0.3935546875 0.2225484046692607 0.3935546875 0.2221999850843061 0.38916300830078127 0.22202843255512322 0.3837072158203125 0.22237348573281454 0.38357731591796873 0.22772178664072634 0.3859155126953125 0.23307008625162126 0.3849251572265625 0.23800259403372243 0.3859549409179687 0.23800259403372243 0.39176100439453126 0.2366931290531777 0.39072180615234375 0.2263415784695201
5 0.37048407958984375 0.22957198443579765 0.3715457646484375 0.22957198443579765 0.37158203125 0.22836780998702985 0.37158203125 0.22062099351491568 0.36997832666015623 0.21605680933852142 0.36712053076171874 0.21605680933852142 0.36530193310546877 0.21812711932555123 0.364042912109375 0.21595330739299612 0.3639665556640625 0.21595330739299612 0.3623046875 0.21910645395590142 0.3623046875 0.21976865823605707 0.36309363623046875 0.22261279118028537 0.3637431352539062 0.22640835927367056 0.36530193310546877 0.22175016212710766 0.3685494287109375 0.22209521335927368 0.36647103173828127 0.22847866926070037 0.37048407958984375 0.22957198443579765
7 0.43701171875 0.21019157133592736 0.43701171875 0.2062166297016861 0.43526115625 0.20737913035019453 0.43045486279296874 0.20910438910505835 0.4279867666015625 0.2104845953307393 0.43032496337890624 0.21962846498054475 0.43042667529296874 0.22178988326848248 0.4367959912109375 0.22178988326848248 0.436170455078125 0.21065712127107653 0.43701171875 0.21019157133592736
7 0.45263671875 0.23997699027237354 0.45081913623046876 0.22742411867704282 0.45263671875 0.22742411867704282 0.45263671875 0.22261303112840466 0.447571640625 0.22276592088197145 0.44250554736328124 0.2222483430609598 0.4402972504882813 0.22535380804150454 0.442245748046875 0.23225484176394293 0.442245748046875 0.23984597795071336 0.444044068359375 0.24059662775616084 0.45263671875 0.24059662775616084 0.45263671875 0.23997699027237354
9 0.47306997119140626 0.22855890012970168 0.47216067236328124 0.2187249280155642 0.4736328125 0.21823612386511024 0.4736328125 0.21449195654993516 0.4735895703125 0.21423925616083012 0.4686533774414062 0.21372167898832686 0.4644965830078125 0.21423925616083012 0.4637171840820313 0.21837987613488974 0.46527598193359376 0.2233831251621271 0.4650564296875 0.22892347600518806 0.4723641142578125 0.22892347600518806 0.47306997119140626 0.22855890012970168
9 0.48004966552734374 0.24556366666666668 0.4823774892578125 0.24643320363164722 0.486778451171875 0.24643320363164722 0.48875295361328125 0.24590871854734112 0.48875295361328125 0.2340044364461738 0.490234375 0.23363552140077823 0.490234375 0.2291136796368353 0.4866745571289062 0.22865613488975356 0.484855958984375 0.22986381647211412 0.48498585888671875 0.23383190920881972 0.481478564453125 0.2307264455252918 0.4801795654296875 0.22882866018158235 0.4797898662109375 0.2353846420233463 0.48069916552734376 0.24073294228274966 0.48004966552734374 0.24556366666666668
9 0.5062373413085938 0.261348897535668 0.5068793876953125 0.261293284695201 0.5055803891601562 0.25025163099870296 0.50830078125 0.24870316990920882 0.50830078125 0.2457025382619974 0.5055803891601562 0.23834734889753567 0.501163794921875 0.23662209014267185 0.49596780224609377 0.23575946108949417 0.4938894052734375 0.2431780719844358 0.4953183037109375 0.24887142477302204 0.49583790234375 0.2561175097276265 0.49583790234375 0.261348897535668 0.5062373413085938 0.261348897535668
9 0.51513671875 0.2261200907911803 0.51513671875 0.22141549546044098 0.5120169165039062 0.222155415693904 0.5090292202148438 0.2237081485084306 0.5046126264648437 0.2262960356679637 0.5056518251953125 0.2352673787289235 0.5089362153320313 0.24124513618677043 0.5151034145507812 0.24124513618677043 0.51435511328125 0.22733119066147858 0.51513671875 0.2261200907911803
7 0.5787681811523437 0.24768973151750973 0.5765598842773437 0.23457776783398182 0.5791015625 0.23390262451361868 0.5791015625 0.22897172114137482 0.576949583984375 0.22871188975356682 0.5722731904296875 0.22802178664072634 0.5683761958007812 0.22836683787289233 0.565258599609375 0.22802178664072634 0.5664276982421875 0.23751070687418938 0.5674668974609375 0.2483798346303502 0.5748711865234375 0.24958751556420233 0.5787681811523437 0.24768973151750973
9 0.6423260327148438 0.2365283942931258 0.64194765625 0.24708171206225682 0.6520324536132812 0.24708171206225682 0.6516788203125 0.23721849805447473 0.6533203125 0.23503835732814526 0.6533203125 0.23027388845654995 0.6502499223632813 0.23118009403372244 0.6479117250976563 0.23618334306095978 0.645833328125 0.23739102399481193 0.6449240297851563 0.23118009403372244 0.64362503125 0.2291097840466926 0.6401177358398438 0.22807462905317769 0.6401177358398438 0.23118009403372244 0.6423260327148438 0.2365283942931258
9 0.5052505561523437 0.47622972114137485 0.5077186528320312 0.4852010642023346 0.5097970502929687 0.5005558631647211 0.5107063486328125 0.5088371031128405 0.5181936147460937 0.5097276264591439 0.5195729833984375 0.5097276264591439 0.5272036264648438 0.5029712250324254 0.52880859375 0.4950056601815824 0.52880859375 0.48603223346303503 0.5282428247070312 0.4829582282749676 0.526554126953125 0.4682935324254215 0.5251252290039062 0.4605298702983139 0.51940963671875 0.4572518793774319 0.5134342451171875 0.46156502529182875 0.5044711577148437 0.4646704902723735 0.4999246635742188 0.4724341523994812 0.5052505561523437 0.47622972114137485
9 0.48391835693359375 0.4877479306095979 0.48378845703125 0.5029302036316472 0.49145254638671876 0.5015499967574578 0.49275154443359376 0.5100037626459144 0.49028344775390625 0.513799331387808 0.4845678559570312 0.5112114435797666 0.4853472548828125 0.5172498476005187 0.48742565185546877 0.5207003638132295 0.49119274658203127 0.5200102613488975 0.49586914013671873 0.5215629935149156 0.49843252392578125 0.5239948119325551 0.5011042690429688 0.5239948119325551 0.506001326171875 0.5208728897535668 0.5080797236328125 0.5129367016861219 0.5087890625 0.5097963514915693 0.5087890625 0.4984766971465629 0.5083395229492188 0.49447643774319067 0.50652092578125 0.4832622587548638 0.5040528291015625 0.4765337509727626 0.4987269365234375 0.4732557600518807 0.4944402421875 0.47549859597924776 0.49119274658203127 0.47618869974059663 0.4853472548828125 0.48188205123216604 0.48391835693359375 0.4877479306095979
2 0.488301775390625 0.5670128346303502 0.48974609375 0.5619773897535668 0.48974609375 0.557324518158236 0.4890811748046875 0.5547635006485084 0.4842748813476562 0.5557986556420234 0.48232638330078126 0.5561437068741893 0.478429388671875 0.5696007224383917 0.47899182421875 0.5758754863813229 0.48292781982421873 0.5758754863813229 0.4858336787109375 0.5720160836575876 0.488301775390625 0.5670128346303502
2 0.4587013759765625 0.5970839513618676 0.46142578125 0.593610280155642 0.46142578125 0.5893433184176394 0.46051997314453125 0.5831093586251621 0.4559734799804688 0.5805214708171207 0.4524661845703125 0.5806939967574579 0.4484392900390625 0.5865598754863813 0.44882898974609375 0.5962213216601816 0.4505952021484375 0.6037613488975356 0.4509085791015625 0.6037613488975356 0.4587013759765625 0.5970839513618676
2 0.416109837890625 0.5944059941634241 0.41104374462890625 0.5983740875486382 0.41273244287109373 0.6071729053177691 0.41623973779296874 0.6132113099870298 0.42000683251953125 0.6101058443579767 0.41974703271484376 0.6178695071335927 0.421363880859375 0.6264591439688716 0.4219015932617188 0.6264591439688716 0.44677734375 0.6060771167315175 0.44677734375 0.5901520732814527 0.4457269970703125 0.5845720207522698 0.4417001025390625 0.5845720207522698 0.4439083994140625 0.5976839850843061 0.4404011044921875 0.6076904831387808 0.4307885180664062 0.6104508962386511 0.4220852294921875 0.6054476472114138 0.41870783447265625 0.6047575440985733 0.416109837890625 0.5944059941634241
9 0.3866375629882812 0.7085151861219195 0.3901448583984375 0.7249051394293126 0.3931195795898437 0.7444876783398184 0.39328359521484374 0.7444876783398184 0.4062524365234375 0.7371544747081712 0.41300722705078124 0.72300735538262 0.41357421875 0.7104565687418936 0.41357421875 0.6930605155642023 0.41118862939453127 0.6769429584954604 0.4071617348632813 0.6681441407263294 0.3940418525390625 0.6584826939040207 0.3854684643554688 0.664521097924773 0.38326016796875 0.6662463566796368 0.379752873046875 0.6819462075226979 0.382740568359375 0.6931603865110246 0.3866375629882812 0.7085151861219195
9 0.26708984375 0.6702498047989623 0.26708984375 0.6715064137483787 0.274740984375 0.6721953514915694 0.2816256748046875 0.678751332684825 0.28329074267578125 0.6828793774319066 0.28744043701171873 0.6828793774319066 0.2959146547851563 0.6813392204928664 0.29864255126953126 0.6749557645914396 0.30396844384765626 0.6611536977950714 0.30615234375 0.6521108488975357 0.30615234375 0.6519586666666667 0.30370864453125 0.6468340538261997 0.2970837529296875 0.6444186919584954 0.29110836181640626 0.6464890019455253 0.28643196826171874 0.6388978657587548 0.2820153740234375 0.6332045129701686 0.2701944907226563 0.6447637438391699 0.26720679443359374 0.6589108618677043 0.26708984375 0.6702498047989623
9 0.2581308212890625 0.762383486381323 0.26488561181640624 0.7708372522697796 0.271770302734375 0.7710097775616084 0.274368298828125 0.7694570447470817 0.27605699658203126 0.7746328197146563 0.27579719677734377 0.7901601446173799 0.27668345947265627 0.7911802853437094 0.2790820541992188 0.7911802853437094 0.28359118603515626 0.7870546796368353 0.32373046875 0.7235245596627756 0.32373046875 0.7219627717250324 0.3152867426757813 0.7099356322957199 0.3037256586914063 0.7064851160830091 0.29333367236328123 0.7085554260700389 0.29060577685546873 0.7083829001297017 0.27761579443359374 0.7202871828793774 0.26228761572265624 0.7333991459143969 0.2565720234375 0.747373738002594 0.2581308212890625 0.762383486381323
2 0.806864697265625 0.40150686251621276 0.8064749975585938 0.4096155765239948 0.8071113349609375 0.42347600518806744 0.8080495981445313 0.42347600518806744 0.8110214916992188 0.42255501361867703 0.8184257817382813 0.39063773476005187 0.820763978515625 0.37959608171206227 0.8280383681640625 0.3809762879377432 0.8347931586914062 0.3940882516212711 0.838430353515625 0.40651011154345 0.838949953125 0.3911553125810635 0.837650955078125 0.37890597795071335 0.84130859375 0.37671209922178983 0.84130859375 0.3749285207522698 0.8381705541992187 0.36165339494163423 0.8298569658203125 0.34836890596627756 0.8199845795898437 0.3450909150453956 0.8140245874023437 0.3443579766536965 0.8127683251953125 0.3443579766536965 0.800629505859375 0.3521644740596627 0.7986810087890625 0.35578751686121923 0.7941345151367187 0.3613083430609598 0.794394314453125 0.3801136588845655 0.7945242143554687 0.38770479571984434 0.7993305078125 0.38977510570687424 0.8049162001953125 0.3885674247730221 0.806864697265625 0.40150686251621276
2 0.9058346088867187 0.3748378728923476 0.9060094487304687 0.3748378728923476 0.9105431635742187 0.3673110823605707 0.91162109375 0.35399675616083004 0.91162109375 0.349657195849546 0.9085946665039063 0.32763014137483787 0.9056069702148437 0.32400709857328147 0.9030089741210937 0.3179686945525292 0.9014690014648438 0.3138780804150454 0.8973793950195312 0.3138780804150454 0.893915986328125 0.31641596173800257 0.8901488916015625 0.3286652963683528 0.8887199936523438 0.33970694941634244 0.896124283203125 0.3445376725032426 0.8941757861328125 0.3523013352788586 0.896124283203125 0.3566144811932555 0.9044378720703125 0.3645506699092088 0.9058346088867187 0.3748378728923476
9 0.8382207885742188 0.321164304150454 0.8370516904296875 0.330308173151751 0.8365320913085937 0.3161610551232166 0.8374413896484375 0.3030490914396887 0.8332845952148438 0.30874244422827496 0.8299072001953125 0.3220269332036317 0.8284783022460938 0.32858291504539555 0.8325051962890625 0.33772678404669265 0.8362722915039063 0.3346213190661479 0.8418579838867187 0.34514539494163426 0.8428971826171875 0.35152885084306096 0.8408187846679688 0.35566947081712064 0.844040732421875 0.36251621271076523 0.844169751953125 0.36251621271076523 0.8545881665039062 0.35704967704280155 0.8575758623046875 0.3592925129701686 0.8566665629882813 0.3503211699092088 0.860433658203125 0.34255750713359273 0.8597841591796875 0.33617405188067445 0.8627718544921875 0.3284103891050584 0.86669921875 0.3298329636835279 0.86669921875 0.32657903307393 0.8656296513671875 0.3165061063553826 0.8613429565429688 0.31202043514915695 0.8558871645507813 0.31581600324254216 0.8522499697265625 0.32634007911802854 0.8496519731445312 0.3135731673151751 0.845625078125 0.3144357963683528 0.8435466811523438 0.30839739234760055 0.8382207885742188 0.321164304150454