7 0.4174313203125 0.5736847962239583 0.4219497275390625 0.5857338821614583 0.4285535537109375 0.6001001002604166 0.43724279833984375 0.5903681458333333 0.439675787109375 0.578782486328125 0.44106606591796876 0.5662699739583333 0.43932821728515625 0.5500500501302084 0.4337671005859375 0.5393912428385417 0.42542542529296873 0.5454157864583333 0.41777889013671876 0.5509769029947916 0.41569347119140626 0.555147740234375 0.4115226337890625 0.56534312109375 0.4174313203125 0.5736847962239583
7 0.45601156689453126 0.5713676640625 0.457749416015625 0.5834167499999999 0.47304248681640626 0.5866607350260417 0.4883355576171875 0.5746116484375 0.49737237255859373 0.5607088567708333 0.49737237255859373 0.5495866236979167 0.4911161162109375 0.5333666998697917 0.48485985986328123 0.5264153040364583 0.4754754755859375 0.5329032734375 0.4640056723632813 0.5352204055989583 0.45601156689453126 0.5440255071614584 0.4532310087890625 0.5505134765625 0.45601156689453126 0.5713676640625
6 0.528306083984375 0.5398546692708334 0.5310866420898438 0.5324398470052083 0.5290012236328125 0.51807362890625 0.5251779555664062 0.5199273346354166 0.5217022578125 0.525488451171875 0.512665443359375 0.5273421569010417 0.5008480703125 0.5366106848958333 0.5018907797851563 0.5435620807291667 0.5130130131835937 0.5463426386718749 0.528306083984375 0.5398546692708334
8 0.7013958403320313 0.3859971080729167 0.6916638862304687 0.3859971080729167 0.6892308974609375 0.3869239609375 0.6982677119140624 0.40221703190104163 0.7045239682617187 0.40082675260416667 0.7163413413085937 0.39248507747395833 0.7205121787109375 0.40221703190104163 0.7194694692382813 0.40870500130208337 0.7260732954101563 0.4230712194010417 0.7378906684570312 0.42029066080729166 0.739628517578125 0.4110221334635417 0.7410187963867187 0.3985096204427083 0.7385858081054687 0.3799725651041667 0.7347625405273438 0.36514292057291664 0.7309392724609375 0.3568012454427083 0.723987876953125 0.34614243880208334 0.7184267602539063 0.34614243880208334 0.7104326547851563 0.35494754036458337 0.7062618173828125 0.3656063470052084 0.7048715380859375 0.3799725651041667 0.7013958403320313 0.3859971080729167
1 0.7444944946289063 0.37116746354166663 0.7462323432617187 0.37672858072916665 0.7490129018554688 0.39016794596354165 0.7535313090820313 0.38321655013020833 0.7563118671875 0.37209431640625 0.7639584028320312 0.36097208333333336 0.76430597265625 0.35124012890624995 0.7625681235351562 0.34058132226562504 0.7580497163085937 0.33594705794270835 0.7510983203125 0.3410447486979167 0.7458847734375 0.34706929166666667 0.7424090756835937 0.36004523046875003 0.7444944946289063 0.37116746354166663
1 0.6311867421875 0.4527305084635416 0.6395284174804687 0.456901345703125 0.6454371040039063 0.4462425390625 0.6461322431640625 0.43465687890625 0.6461322431640625 0.4249249251302083 0.6461322431640625 0.4161198235677083 0.6447419643554687 0.41009528059895833 0.63396730078125 0.4077781484375 0.6256256254882813 0.4193638079427084 0.6252780556640625 0.427242056640625 0.6270159047851562 0.4443888333333333 0.6311867421875 0.4527305084635416
8 0.6259731953125 0.47219441666666667 0.632577021484375 0.4675601529947917 0.6336197309570313 0.45736477213541665 0.6336197309570313 0.4541207877604167 0.6263207651367187 0.4485596705729167 0.6176315205078124 0.4462425390625 0.6075519965820313 0.45921847786458336 0.6061617172851562 0.4759018274739583 0.61832666015625 0.47636525390625 0.6259731953125 0.47219441666666667
1 0.6006006005859374 0.40407073763020834 0.6151985317382812 0.39897304687499996 0.6158936713867188 0.39016794596354165 0.6120704038085938 0.38460682877604163 0.6051190078125 0.3813628444010417 0.598515181640625 0.3813628444010417 0.5912162163085938 0.3869239609375 0.5894783671875 0.3966559153645833 0.588088087890625 0.40592444270833333 0.6006006005859374 0.40407073763020834
9 0.4799938828125 0.775275275390625 0.46643866064453127 0.8012271529947917 0.47165220751953124 0.8183739296875 0.4872928486328125 0.829032736328125 0.502238349609375 0.8118859602864584 0.5050189077148437 0.8151299446614583 0.5043237680664062 0.830423015625 0.5043237680664062 0.8582285989583333 0.5130130131835937 0.8688874055989584 0.5380380380859375 0.8688874055989584 0.5435991547851563 0.8461795130208333 0.5425564453125 0.8188373561197917 0.5432515849609375 0.7970563157552083 0.5623679233398438 0.7766655546875 0.5773134243164062 0.7720312903645833 0.5811366923828125 0.7585919251302083 0.5811366923828125 0.7497868235677084 0.5790512734375 0.7405182962239584 0.575228005859375 0.7229080930989583 0.5689717495117188 0.7048344641927083 0.554373818359375 0.6932488040364584 0.5418613056640625 0.6983464947916667 0.525525525390625 0.7173469765624999 0.5095373149414063 0.7303229153645834 0.5015432099609375 0.75025025 0.491811255859375 0.7646164680989583 0.4799938828125 0.775275275390625
9 0.1087893447265625 0.6756386015625 0.1140028916015625 0.68166314453125 0.11713102001953125 0.6927853782552084 0.1244299853515625 0.7113224335937499 0.136942498046875 0.7113224335937499 0.14458903369140624 0.7043710377604167 0.1442414638671875 0.6876876875 0.140765765625 0.6719311907552084 0.14180847509765626 0.6626626627604166 0.1390279169921875 0.6538575611979166 0.13346680029296876 0.6464427389322916 0.1272105439453125 0.6478330182291666 0.12477755517578125 0.659418677734375 0.11435046142578124 0.6580283990885417 0.1087893447265625 0.65756497265625 0.1087893447265625 0.6756386015625
1 0.27944611279296877 0.6793460123697916 0.2888304970703125 0.6751751751302083 0.2923061953125 0.6719311907552084 0.29647703271484377 0.664979794921875 0.29647703271484377 0.6543209876302084 0.2926537646484375 0.644589033203125 0.28465965966796875 0.644589033203125 0.2749277055664063 0.6520038554687501 0.26693360009765627 0.6589552513020833 0.26693360009765627 0.6728580429687501 0.275275275390625 0.6788825865885416 0.27944611279296877 0.6793460123697916
9 0.2561589365234375 0.7488599713541667 0.27110443798828127 0.75303080859375 0.2853547993164062 0.7474696920572916 0.29056834619140626 0.7354206054687501 0.2919586254882813 0.7205909615885416 0.2877877875976563 0.70251733203125 0.28257424072265624 0.6895413932291666 0.2770131240234375 0.6825899973958333 0.25824435546875 0.6960293626302083 0.25407351806640627 0.695102509765625 0.24225614501953124 0.7052978906249999 0.2432988544921875 0.7192006822916667 0.24781726171875 0.7344937532552084 0.2561589365234375 0.7488599713541667
8 0.235999888671875 0.7020539055989583 0.249207541015625 0.701127052734375 0.25303080859375 0.6923219518229167 0.2499026806640625 0.6802728652343749 0.24781726171875 0.6659066471354167 0.2471221220703125 0.66080895703125 0.2405182958984375 0.6580283990885417 0.2342620400390625 0.6672969264322917 0.22800578369140626 0.6747117486979167 0.2314814814453125 0.69371223046875 0.235999888671875 0.7020539055989583
1 0.3102553310546875 0.312008978515625 0.3132949868164063 0.31450305533854167 0.31376262646484376 0.32759695703124997 0.32194631494140624 0.3297792740885417 0.3273241674804688 0.32603815950520837 0.3261550693359375 0.3163736126302083 0.3268565283203125 0.3098266614583333 0.329428544921875 0.3042149895833333 0.3289609052734375 0.30047387434895834 0.32709034814453125 0.29392692382812496 0.32147867578125 0.29205636588541667 0.31539936376953126 0.29579748111979165 0.31259352783203126 0.29860331705729165 0.3095538720703125 0.3032797109375 0.3102553310546875 0.312008978515625
7 0.366138234375 0.312632498046875 0.36777497216796873 0.31668537239583333 0.37712775927734377 0.3163736126302083 0.3836747099609375 0.3160618528645833 0.38601290673828126 0.31387953580729167 0.3850776279296875 0.3045267486979167 0.3862467265625 0.29922683658854166 0.3862467265625 0.2936151640625 0.38484380859375 0.2883152513020833 0.383440890625 0.28457413671875 0.37619248046875 0.28457413671875 0.36800879150390625 0.2889387701822917 0.3635662177734375 0.29579748111979165 0.3670735126953125 0.3023444322916667 0.366138234375 0.312632498046875
1 0.41360362890625 0.29143284700520833 0.41360362890625 0.3023444322916667 0.4196829404296875 0.3042149895833333 0.42389169482421873 0.3023444322916667 0.42412551416015626 0.29455044270833336 0.425762251953125 0.29018580859375 0.42669753076171874 0.2839506171875 0.42506079296875 0.2770919069010417 0.421553498046875 0.271480234375 0.42061821923828124 0.26960967708333333 0.4175785634765625 0.26960967708333333 0.4122007109375 0.2736625514322917 0.41009633349609376 0.27865070442708334 0.4119668911132813 0.28582117447916666 0.41360362890625 0.29143284700520833