9 0.5202659765625 0.5097643612191959 0.5287763251953125 0.5007219779507134 0.5293436821289063 0.4826372114137484 0.5265068989257813 0.46266861478599225 0.5214006899414062 0.45814742282749676 0.5126066630859375 0.4604080188067445 0.5060820625 0.4634221465629053 0.50211056640625 0.47321806160830093 0.5075004541015625 0.4830139773022049 0.512039306640625 0.5048664033722439 0.5202659765625 0.5097643612191959
9 0.4924655048828125 0.5274723618677043 0.5029616010742187 0.5278491277561608 0.5089188452148438 0.520313808690013 0.5052310278320312 0.5003452120622568 0.5046636708984376 0.4897957645914397 0.497004357421875 0.4845210408560311 0.4916144697265625 0.48866546692607005 0.481969408203125 0.49582402010376136 0.4785652685546875 0.511271424773022 0.48537354736328125 0.515415850843061 0.4924655048828125 0.5274723618677043
2 0.47969998193359376 0.5704236828793774 0.48679193896484374 0.5628883631647211 0.4825367646484375 0.5406591712062258 0.48792665234375 0.5429197665369649 0.48991239990234375 0.529732957846952 0.4805510166015625 0.5263420642023346 0.47317538134765624 0.5244582341115435 0.4657997456054688 0.5327470856031128 0.46892020703125 0.5485712561608301 0.4745937724609375 0.5621348313878081 0.47969998193359376 0.5704236828793774
2 0.46409767626953125 0.5918993430609598 0.46267928466796876 0.5809731297016861 0.45416893603515623 0.575698406614786 0.4433891611328125 0.5836104915693904 0.445942265625 0.6013184922178988 0.44906272705078126 0.6043326206225681 0.46409767626953125 0.5918993430609598
9 0.392610748046875 0.7365774766536964 0.41246822802734373 0.7264047957198444 0.4283542119140625 0.7215068378728924 0.437715595703125 0.7135947522697795 0.4340277778320312 0.6823231763942932 0.42750317724609377 0.6438930473411154 0.41558868896484374 0.631083004539559 0.40197213134765625 0.6472839409857328 0.38665350390625 0.6600939844357977 0.3781431552734375 0.6717737295719846 0.3821146513671875 0.6940029215304799 0.38977396533203124 0.7154785823605707 0.392610748046875 0.7365774766536964
8 0.25531045751953124 0.7972367983138781 0.26779230224609374 0.8115539053177692 0.27800472021484374 0.8081630116731516 0.284245642578125 0.7987438625162127 0.2873661040039063 0.8055256498054475 0.29502541748046873 0.8111771394293126 0.3097766884765625 0.8070327133592736 0.307223583984375 0.791585308690013 0.3018336962890625 0.7904550110246433 0.2967274873046875 0.7719934779507134 0.29105392138671876 0.7459966258106355 0.284245642578125 0.7369542425421531 0.2655228759765625 0.7192462418936446 0.25729620556640626 0.7324330512321661 0.25133896142578127 0.7580531374837873 0.24821850048828126 0.7814126277561609 0.25531045751953124 0.7972367983138781
2 0.6130287763671874 0.6649919416342412 0.6470701708984375 0.6793090486381322 0.6796931733398438 0.6713969636835279 0.6870688090820313 0.6578333884565499 0.698983296875 0.6600939844357977 0.7145856025390624 0.6533121964980545 0.7162876723632813 0.6348506640726329 0.7125998549804687 0.6299527062256809 0.7077773237304688 0.6280688767833982 0.6981322622070313 0.6088538119325552 0.6850830610351563 0.583987257457847 0.656715232421875 0.5730610447470817 0.6189860205078125 0.5677863210116731 0.6082062456054688 0.5794660661478599 0.6042347495117187 0.6178961952010376 0.60962463671875 0.6243012166018158 0.6130287763671874 0.6649919416342412
2 0.6686297202148438 0.3711144831387808 0.6672113291015624 0.39861839948119326 0.68791984375 0.40426988845655 0.7168550288085938 0.400502228923476 0.7242306645507812 0.36923065304798963 0.7392656137695313 0.36998418547341116 0.7358614741210937 0.32251167250324253 0.7236633081054687 0.30518043774319065 0.7191244555664063 0.3198743106355383 0.7131672114257812 0.3353217159533074 0.7060752543945312 0.3206278430609598 0.697848583984375 0.29952894811932557 0.6924586962890625 0.29463099092088196 0.6751543208007813 0.3059339701686122 0.6635235112304687 0.33004699221789885 0.6490559184570313 0.36320239753566796 0.6686297202148438 0.3711144831387808
2 0.7988380537109375 0.40200929312581063 0.8130219682617188 0.4080375486381323 0.8300426650390625 0.4080375486381323 0.8331631264648437 0.39861839948119326 0.8331631264648437 0.37601244098573283 0.8308937001953125 0.354536780155642 0.8232343862304687 0.3454943968871595 0.8099015068359375 0.3439873333333333 0.8036605844726562 0.3454943968871595 0.798270697265625 0.35416001426718546 0.7920297749023437 0.38053363229571985 0.7985543754882812 0.38693865434500646 0.7988380537109375 0.40200929312581063
2 0.8430918662109375 0.41632640012970173 0.85245325 0.39409720752269783 0.8561410673828125 0.37412861089494165 0.8550063544921875 0.35642061024643323 0.849616466796875 0.3466246952010376 0.8411061181640626 0.3443640992217899 0.8334468046875 0.3526529507133593 0.8334468046875 0.3688538871595331 0.8340141611328125 0.41293550583657584 0.8430918662109375 0.41632640012970173
2 0.8680555556640625 0.4008789948119325 0.8751475126953125 0.38769218612191964 0.8830905048828125 0.3635791634241245 0.8859272875976563 0.3443640992217899 0.879686365234375 0.3338146517509728 0.8720270517578125 0.3338146517509728 0.8643677377929687 0.33682877950713364 0.8601125634765625 0.3485085246433203 0.8584104936523438 0.36583975940337227 0.8620983115234375 0.38279422827496756 0.8680555556640625 0.4008789948119325
9 0.31422766748046876 0.34832965629053175 0.3164359643554687 0.33262980544747084 0.3192937607421875 0.3321122276264592 0.319943259765625 0.3226233067444877 0.315916365234375 0.3141695415045396 0.31279876953125 0.31796510959792473 0.30864197509765623 0.31623985149156936 0.30604397900390623 0.3152046964980545 0.29954898779296874 0.32572877172503245 0.3037057822265625 0.32935181452658885 0.30435528125 0.34470661348897536 0.31422766748046876 0.34832965629053175
9 0.3339724404296875 0.30623335278858627 0.334621939453125 0.29691695784695205 0.33293324169921873 0.2950191738002594 0.32890634765625 0.29812463878080414 0.32981564599609375 0.3029553618677043 0.32825684814453127 0.3058883015564202 0.32526915234375 0.305715775616083 0.3255289521484375 0.3190002645914397 0.33111464453125 0.3224507814526589 0.3361807373046875 0.31692995460440987 0.3339724404296875 0.30623335278858627
9 0.35969260498046873 0.33038696952010377 0.3637194995117187 0.3264188754863813 0.363199900390625 0.32038047146562904 0.3599524047851563 0.3202079455252918 0.3589132060546875 0.3164123767833982 0.3624205014648437 0.3141695415045396 0.3624205014648437 0.3108915505836576 0.36488859814453123 0.3083036627756161 0.36307000048828125 0.3036454656290532 0.359562705078125 0.3003674747081712 0.35410691259765625 0.30606082684824903 0.35384711328125 0.3226233067444877 0.35410691259765625 0.3281441335927367 0.35969260498046873 0.33038696952010377
7 0.14925489453125 0.4019851900129702 0.151982791015625 0.406298335927367 0.15432098779296874 0.4040555 0.15120339208984376 0.3905984850843061 0.14782599658203124 0.38076451232166014 0.143019703125 0.3776590473411154 0.137693810546875 0.3788667282749676 0.13405661572265626 0.38076451232166014 0.13262771728515624 0.3942215278858625 0.1339267158203125 0.40491812905317764 0.142110404296875 0.4066433878080415 0.14925489453125 0.4019851900129702
7 0.15899738134765626 0.3885281750972763 0.15964688037109376 0.37903925421530477 0.16185517724609375 0.38473260700389106 0.16899966748046874 0.3821447191958495 0.172896662109375 0.37834915110246436 0.17562455810546876 0.38007440920881974 0.17861225439453124 0.37593378923476 0.17419566015625 0.3676525492866407 0.1695192666015625 0.3569559474708171 0.16653157080078124 0.35609331841763947 0.16471297314453126 0.3588537321660181 0.1606860791015625 0.35902625745784694 0.15717878369140625 0.36144161932555124 0.15536018603515625 0.36592729118028533 0.154580787109375 0.3831798741893645 0.15523028662109375 0.3914611141374838 0.15899738134765626 0.3885281750972763
9 0.10703745263671875 0.4149246277561608 0.10976534912109374 0.4119916880674449 0.1093756494140625 0.40336539688715956 0.10950554931640626 0.39370395006485087 0.1121035458984375 0.3926687950713359 0.11184374609375 0.39905225097276265 0.11106434716796874 0.409921378080415 0.111454046875 0.412854317769131 0.11690983935546875 0.41043895590142676 0.1161304404296875 0.40319287094682227 0.114961341796875 0.39180616601815826 0.113142744140625 0.3799018832684825 0.10963544921875 0.3774865220492866 0.10612815380859375 0.37834915110246436 0.10482915576171875 0.380246935149157 0.10262085888671875 0.3868029169909209 0.10327035791015625 0.39732699286640727 0.1049590556640625 0.40819611997405963 0.10703745263671875 0.4149246277561608
9 0.08794217919921875 0.4135444208819715 0.090929875 0.4211355577172503 0.0937876708984375 0.42510365175097276 0.09768466552734376 0.42096303177691313 0.0946969697265625 0.41061148184176394 0.0906700751953125 0.3980170959792477 0.08859167822265625 0.39353142412451364 0.0850843828125 0.39301384695201036 0.0831358857421875 0.39542920817120625 0.084175083984375 0.4059532840466926 0.08482458349609374 0.40974885278858625 0.08833187841796875 0.40836864591439687 0.08794217919921875 0.4135444208819715
1 0.0826162861328125 0.40336539688715956 0.0794986904296875 0.39111606290531775 0.07612129541015625 0.38179966796368353 0.07391299853515625 0.3788667282749676 0.07092530224609375 0.37903925421530477 0.06897680517578125 0.3814546160830091 0.0697562041015625 0.3904259591439689 0.07248410009765625 0.3969819409857328 0.077550193359375 0.4056082328145266 0.0826162861328125 0.40336539688715956
7 0.16250467626953125 0.3224507814526589 0.1638036748046875 0.31623985149156936 0.16211497705078126 0.30864871465629057 0.15873758154296874 0.30192020687418936 0.15367148876953124 0.2995048456549935 0.15185289111328126 0.3083036627756161 0.15380138818359376 0.3198628936446174 0.15536018603515625 0.3240035136186771 0.16250467626953125 0.3224507814526589
7 0.16938936669921875 0.30140262970168613 0.1782225546875 0.2979521128404669 0.1782225546875 0.2924312866407263 0.18017105224609375 0.2872555116731517 0.1788720537109375 0.2798369007782101 0.17640395703125 0.27742153891050586 0.17393586083984375 0.2788017457846952 0.1691295673828125 0.27914679701686124 0.1654923720703125 0.284495097924773 0.1654923720703125 0.29398401880674446 0.16835016845703124 0.2950191738002594 0.16938936669921875 0.30140262970168613
9 0.2779856176757812 0.3234859364461738 0.2875982041015625 0.3240035136186771 0.28785800390625 0.30985639559014266 0.29201479833984373 0.3083036627756161 0.29136529931640626 0.2979521128404669 0.2866889052734375 0.2896708728923476 0.2850002080078125 0.2922587607003891 0.2831816103515625 0.2950191738002594 0.28123311279296875 0.2938114928664073 0.2781155170898437 0.293293915693904 0.27590722021484376 0.308993766536965 0.2782454169921875 0.30985639559014266 0.2779856176757812 0.31917279053177694 0.2779856176757812 0.3234859364461738
9 0.3005881865234375 0.3212431005188067 0.30084798583984373 0.31485964461738003 0.3031861826171875 0.3146871186770428 0.30266658349609377 0.3202079455252918 0.30539447998046876 0.31347943774319065 0.30422538134765625 0.3031278878080415 0.30032838671875 0.29726200972762645 0.2969509912109375 0.3029553618677043 0.2965612919921875 0.3152046964980545 0.29812008984375 0.327281504539559 0.3005881865234375 0.3212431005188067