9 0.12823547998046875 0.732792691309987 0.1370037177734375 0.7386154383916991 0.15015607470703124 0.7348306523994812 0.1547593994140625 0.7249319831387808 0.1473063974609375 0.7007675836575875 0.153005751953125 0.7007675836575875 0.154540193359375 0.6934891498054475 0.14993686865234376 0.6870841284046693 0.14182624853515624 0.6841727548638132 0.13568848193359376 0.6859195791180286 0.13546927587890625 0.6975650726329442 0.129331509765625 0.7025144079118029 0.1247281845703125 0.6966916608300907 0.1170559765625 0.7022232704280156 0.11595994677734375 0.7167801374837872 0.1168367705078125 0.726969944228275 0.1247281845703125 0.7260965324254216 0.12823547998046875 0.732792691309987
9 0.11815200634765625 0.4500983313878081 0.1124526513671875 0.4375794260700389 0.1069725029296875 0.4230225590142672 0.10390361962890625 0.4204023229571985 0.0990810888671875 0.42127573476005187 0.09951950048828125 0.4343769150453956 0.10324600146484375 0.44514899675745784 0.11069900390625 0.45737676523994814 0.11815200634765625 0.4500983313878081
7 0.15607463525390625 0.42622506939040206 0.15958193017578126 0.42389597081712066 0.1571706650390625 0.4107947905317769 0.1510328984375 0.4006049831387808 0.14840242724609376 0.3988581595330739 0.146648779296875 0.40293408236057066 0.142703072265625 0.40584545525291826 0.1433606904296875 0.4160352626459144 0.1448951318359375 0.4288453054474708 0.15015607470703124 0.4300098547341116 0.15607463525390625 0.42622506939040206
7 0.1510328984375 0.39187086316472114 0.1547593994140625 0.3991492963683528 0.15607463525390625 0.40555431841763945 0.16002034228515624 0.4093391037613489 0.16528128515625 0.4035163566796368 0.16440446142578125 0.38779494033722434 0.15980113623046874 0.3767317211413748 0.15629384130859375 0.38226333073929963 0.15563622314453124 0.38983290142671856 0.1527865458984375 0.38837721530479896 0.1510328984375 0.39187086316472114
9 0.23564639453125 0.32782064785992215 0.2358656005859375 0.3365547678339818 0.24485304443359374 0.3342256692607004 0.2437570146484375 0.3222890382619974 0.24419542626953125 0.3170485661478599 0.2433186025390625 0.30831444552529186 0.23871527783203125 0.3054030726329442 0.2371808359375 0.3091878579766537 0.23433115869140625 0.31093468158236054 0.23038545166015625 0.3086055830090791 0.229289421875 0.3173397036316472 0.23038545166015625 0.321415626459144 0.23476957080078126 0.31995993968871594 0.23564639453125 0.32782064785992215
9 0.2639239619140625 0.3487825363164721 0.26304713818359376 0.35431414591439686 0.2678696689453125 0.3534407341115435 0.27115775830078126 0.3502382230869001 0.2698425224609375 0.336263630998703 0.26721205126953124 0.32461813683527885 0.26480078564453124 0.3208333514915694 0.2615126962890625 0.3205422140077821 0.261293490234375 0.33335225745784697 0.262170314453125 0.33859272957198444 0.26501999169921875 0.33830159208819716 0.2639239619140625 0.3487825363164721
9 0.28080281982421873 0.34004841634241245 0.283871703125 0.3420863774319066 0.284310115234375 0.3272383728923476 0.28715979248046875 0.32607382360570686 0.28694058642578124 0.33684590531776915 0.28650217431640623 0.3420863774319066 0.29066708740234376 0.33917500389105054 0.289790263671875 0.3284029221789883 0.288255822265625 0.3158840168612192 0.28496773291015626 0.31326378080415046 0.28233726171875 0.31850425291828793 0.28277567333984377 0.32636496108949414 0.28124123193359374 0.32694723540856035 0.28080281982421873 0.34004841634241245
5 0.366512345703125 0.22912508884565497 0.36519710986328124 0.2215555175097276 0.36782758154296874 0.2215555175097276 0.3643202861328125 0.21631504539559013 0.3610321967773438 0.2186441439688716 0.3610321967773438 0.22592257782101166 0.36300505029296876 0.2288339513618677 0.366512345703125 0.22912508884565497
9 0.44608410498046874 0.4134150265888456 0.44959139990234376 0.4154529876783398 0.4509066357421875 0.4236048333333334 0.44915298828125 0.4346680525291829 0.44849537060546874 0.4454401342412452 0.45375631298828123 0.44806037029831386 0.46405899267578127 0.4489337821011673 0.470854376953125 0.44806037029831386 0.4712927890625 0.4209845972762646 0.47611531982421873 0.4198200479896239 0.47808817333984377 0.4174909494163424 0.47611531982421873 0.4038074941634241 0.4699775532226563 0.3982758845654994 0.46625105224609376 0.4032252191958495 0.46252455126953124 0.40701000518806746 0.4592364619140625 0.40555431841763945 0.4568251962890625 0.4006049831387808 0.453537107421875 0.39623792347600517 0.44827616455078123 0.40293408236057066 0.44608410498046874 0.4134150265888456
9 0.49672067919921875 0.4783386536964981 0.5015432099609375 0.4832879889753567 0.505708123046875 0.4797943404669261 0.5074617705078125 0.49173097146562905 0.5065849467773438 0.49784485603112844 0.505708123046875 0.5048321517509727 0.5122843012695313 0.5109460363164721 0.5208333334960937 0.5089080745784695 0.527847923828125 0.5030853281452659 0.52982077734375 0.4914398339818417 0.5271903056640626 0.4803766154345006 0.5260942758789062 0.46669316018158236 0.5217101572265626 0.4562122159533074 0.5177644501953125 0.45708562775616085 0.5157915966796875 0.4614526880674448 0.5083385942382812 0.462034962386511 0.5006663862304688 0.4696045337224384 0.49672067919921875 0.4783386536964981
2 0.452660283203125 0.6017808871595332 0.46011328564453124 0.5953758657587548 0.46230534521484373 0.5895531186770429 0.46033249169921875 0.581110135538262 0.4561675786132813 0.5790721744487679 0.4506874296875 0.584021509079118 0.44959139990234376 0.5907176679636835 0.4506874296875 0.5982872392996109 0.452660283203125 0.6017808871595332
2 0.421094626953125 0.6081859085603113 0.4204370087890625 0.6180845784695201 0.421094626953125 0.627109835927367 0.4406039560546875 0.6122618313878081 0.44827616455078123 0.6061479474708171 0.44827616455078123 0.5915910804150454 0.4465225166015625 0.5831480972762646 0.44126157421875 0.5799455862516212 0.44148077978515626 0.5933379040207523 0.44169998583984377 0.6058568099870298 0.4340277778320312 0.6102238702983138 0.4243827158203125 0.6070213592736705 0.4189025673828125 0.5985783761348897 0.4167105078125 0.5924644922178989 0.4116687709960937 0.5968315525291829 0.4110111533203125 0.6044011232166018 0.4142992421875 0.6128441063553827 0.421094626953125 0.6081859085603113
9 0.262170314453125 0.7060080557717251 0.259759048828125 0.7176535492866408 0.2551557241210938 0.7252231206225681 0.25142922265625 0.7359952023346304 0.25427889990234376 0.7470584208819715 0.2639239619140625 0.7514254811932556 0.2733498173828125 0.7616152879377431 0.2751034653320312 0.7723873696498055 0.2746650532226563 0.7901467477302205 0.288255822265625 0.7994631426718547 0.31061482861328127 0.7211471977950713 0.30513468017578127 0.7045523690012969 0.29812008984375 0.6972739357976653 0.2722537880859375 0.6998941718547341 0.262170314453125 0.7060080557717251
9 0.24836033935546875 0.6116795570687419 0.24090733740234374 0.619831402075227 0.2371808359375 0.6335148573281453 0.236084806640625 0.6410844286640727 0.23893448388671876 0.6477805875486381 0.24463383837890626 0.6486539993514916 0.24857954541015626 0.6416667029831388 0.25055239892578124 0.6559324325551232 0.25647095947265625 0.6611729053177692 0.2619511083984375 0.6637931413748379 0.2665544331054687 0.6678690642023346 0.27050014013671875 0.673400673151751 0.2735690234375 0.66728678923476 0.279487583984375 0.6486539993514916 0.27904917236328125 0.6314768962386511 0.285844556640625 0.633223719844358 0.288255822265625 0.6247807373540856 0.2821180556640625 0.6145909299610894 0.27444584716796877 0.607894771076524 0.2658968154296875 0.6055656725032426 0.26677363916015623 0.6169200291828794 0.2634855498046875 0.6259452866407264 0.258224607421875 0.627109835927367 0.2525252524414062 0.621287088845655 0.24836033935546875 0.6116795570687419
2 0.8123772446289063 0.34237751491569396 0.8143500981445313 0.35140277237354084 0.8207070708007812 0.3429597898832685 0.8303521323242188 0.3432509267185473 0.8321057797851562 0.3295674721141375 0.8340786337890626 0.32316245006485084 0.83188657421875 0.3208333514915694 0.8228991303710937 0.3272383728923476 0.81917262890625 0.33247884500648506 0.8165421577148437 0.3272383728923476 0.815226921875 0.3202510765239948 0.8095275673828125 0.31850425291828793 0.8055818603515625 0.3298586089494163 0.8044858305664062 0.3394661413748378 0.8108428032226562 0.3452888884565499 0.8123772446289063 0.34237751491569396
2 0.813254068359375 0.3726557983138781 0.8187342172851563 0.37440262256809337 0.8185150112304688 0.38430129247730216 0.8161037456054687 0.3959467859922179 0.8101851850585937 0.40264294487678337 0.8075547138671875 0.4113770648508431 0.8121580385742188 0.42331369584954603 0.8178573935546875 0.4032252191958495 0.823556748046875 0.3880860778210117 0.8301329262695313 0.3799342321660181 0.8362706928710938 0.3825544682230869 0.8402163999023438 0.3959467859922179 0.8430660776367187 0.4093391037613489 0.84525813671875 0.41661753696498055 0.8487654321289062 0.39187086316472114 0.8566568461914063 0.3924531374837873 0.8566568461914063 0.3717823865110247 0.8507382856445312 0.3563521070038911 0.8428468715820312 0.349655948767834 0.8296945146484375 0.34470661348897536 0.821145482421875 0.34558002594033727 0.8154461279296875 0.3516939098573281 0.8101851850585937 0.36479509014267186 0.813254068359375 0.3726557983138781
2 0.9132119809570313 0.35227618482490275 0.9230762485351562 0.3575166569390402 0.9195689536132813 0.3639216783398184 0.9250491020507813 0.37323807328145264 0.9272411616210937 0.3863392535667964 0.9309676625976563 0.38750380285343705 0.9360093994140625 0.3746937600518807 0.9368862231445313 0.3464534377431907 0.9311868686523438 0.32782064785992215 0.9241722783203125 0.3237447250324254 0.9189113354492188 0.32636496108949414 0.9116775390625 0.32636496108949414 0.9075126264648438 0.33859272957198444 0.9046629487304687 0.34150410311284046 0.91014309765625 0.3432509267185473 0.9132119809570313 0.35227618482490275
9 0.8549031987304687 0.3438332016861219 0.8551224047851562 0.3580989312581063 0.8601641416015625 0.36042802983138783 0.8691515854492188 0.3674153261997406 0.8704668208007813 0.3429597898832685 0.869809203125 0.3237447250324254 0.8625754067382813 0.31326378080415046 0.8542455805664062 0.3161751543450065 0.8564376401367187 0.3237447250324254 0.8573144638671875 0.33160543320363167 0.8549031987304687 0.3438332016861219