2 0.8298857368164062 0.3677436302083333 0.84630286328125 0.369932580078125 0.8524592856445312 0.358440591796875 0.8606678486328125 0.3682908678385417 0.8655929868164063 0.358440591796875 0.8647721303710938 0.340928990234375 0.8598469921875 0.3332676647135417 0.8524592856445312 0.32396462630208334 0.8344004467773437 0.3113781627604167 0.8245501708984375 0.3250591015625 0.8233188862304688 0.338192802734375 0.8183937485351562 0.34913755338541663 0.8298857368164062 0.3677436302083333
2 0.8717494091796875 0.37759390625 0.86928683984375 0.39127484440104165 0.882420541015625 0.4033140703125 0.8939125297851562 0.40933368359375 0.9017106645507813 0.4071447330729167 0.9058149462890625 0.38416075651041665 0.9062253745117187 0.36883810546875 0.9078670869140625 0.35296821614583335 0.9033523774414063 0.33709832747395835 0.8926812451171875 0.32888976432291667 0.8807788286132813 0.32888976432291667 0.86928683984375 0.34038175260416664 0.86928683984375 0.35242097916666665 0.8721598369140625 0.36008230468749997 0.8717494091796875 0.37759390625
2 0.7605233779296875 0.19919446614583333 0.769142369140625 0.19591104101562498 0.7794030732421875 0.19591104101562498 0.7781717885742188 0.18332457747395833 0.7752987915039062 0.1685491640625 0.7732466508789062 0.15869888802083335 0.7675006567382813 0.15213203776041667 0.7588816655273437 0.1510375625 0.7510835302734375 0.16143507552083333 0.7564190961914062 0.17511601432291668 0.7572399526367187 0.19208037825520832 0.7605233779296875 0.19919446614583333
9 0.916486078125 0.267051921875 0.9189486474609375 0.2648629720052083 0.9234633569335937 0.2807328606770833 0.9333136328125 0.28620523567708334 0.9382387705078125 0.2883941861979167 0.9378283422851562 0.29988617447916666 0.9460369057617187 0.3037168372395833 0.9472681899414063 0.29113037369791667 0.9472681899414063 0.27799667252604165 0.9501411875 0.26048507161458334 0.9501411875 0.245162419921875 0.946447333984375 0.230934244140625 0.9365970581054688 0.23148148177083336 0.9304406357421875 0.22546186848958336 0.9263363540039062 0.22163120572916664 0.9173069345703125 0.23750109440104164 0.9144339375 0.25939059635416667 0.912792224609375 0.2747132473958333 0.916486078125 0.267051921875
8 0.29673955859375 0.75464057421875 0.2975604150390625 0.7710577005208333 0.30741069091796874 0.7820024518229167 0.3147983974609375 0.7852858769531249 0.32054439208984375 0.7716049381510417 0.31972353564453126 0.7453375358072917 0.3316259521484375 0.7289204095052083 0.34188665625 0.7207118463541667 0.338192802734375 0.7010112949218751 0.3332676650390625 0.6900665442708332 0.3164401103515625 0.6906137819010416 0.30289598095703124 0.6955389192708333 0.29345613330078124 0.7075781458333333 0.2852475703125 0.7207118463541667 0.29345613330078124 0.7442430611979166 0.29673955859375 0.75464057421875
9 0.07932966455078125 0.4437048606770833 0.0833581240234375 0.4517617799479167 0.09110516162109375 0.4494893151041666 0.09327433203125 0.44432462369791664 0.09327433203125 0.4344084153645833 0.09327433203125 0.42759102278645833 0.0948237392578125 0.41974069140625003 0.092809509765625 0.41540235026041666 0.089090931640625 0.41230353515625 0.0842877685546875 0.41416282421875 0.08320318310546874 0.41932751562500004 0.0773154345703125 0.41705505143229166 0.0731320341796875 0.425111970703125 0.07328697509765625 0.4327557141927083 0.0773154345703125 0.4346150032552083 0.07932966455078125 0.4437048606770833
9 0.107528880859375 0.44039945768229166 0.11016287353515625 0.44659708789062497 0.114966037109375 0.4548605944010417 0.1172901484375 0.4515551920572917 0.12054390380859376 0.44680367578124996 0.1220933115234375 0.442878509765625 0.11961425927734375 0.437300642578125 0.11636050390625 0.4325491263020833 0.11279686669921875 0.426971259765625 0.1069091181640625 0.42345926888020835 0.10535971044921875 0.42366585677083335 0.102880658203125 0.4308964251302083 0.103810302734375 0.437300642578125 0.103810302734375 0.44039945768229166 0.107528880859375 0.44039945768229166
7 0.067864048828125 0.47593253645833333 0.07142768603515624 0.48027087760416665 0.07793519775390625 0.47613912434895833 0.0814988349609375 0.47696547526041666 0.0842877685546875 0.47655229947916666 0.088161287109375 0.4730403092447917 0.08940081298828124 0.46808220507812504 0.085372353515625 0.4668426790364583 0.083513064453125 0.46188457552083334 0.0830482421875 0.457546234375 0.08087907177734376 0.4546540071614584 0.0768506123046875 0.4511420169270833 0.0722023896484375 0.45589353320312503 0.06956839697265625 0.46188457552083334 0.067864048828125 0.470354669921875 0.067864048828125 0.47593253645833333
7 0.0574361875 0.47518955208333336 0.0611577548828125 0.47535495507812503 0.06463121728515625 0.47419713411458336 0.06661605322265625 0.47121988020833333 0.06872494140625 0.46576158138020834 0.06611984423828125 0.4617919095052083 0.0636387998046875 0.4589800592447917 0.0621501728515625 0.455341193359375 0.0611577548828125 0.45186773046875 0.056939978515625 0.45070990950520834 0.0547070380859375 0.45004829752604164 0.05334246337890625 0.4546795813802083 0.05247409765625 0.460303283203125 0.0542108291015625 0.47006205924479166 0.0574361875 0.47518955208333336
1 0.08422647314453124 0.38909992643229163 0.0860636279296875 0.3960716920572917 0.092281689453125 0.39644854492187503 0.09708655517578126 0.3904189088541667 0.097651833984375 0.3843892734375 0.09637995751953125 0.37760593294270833 0.09736919482421875 0.3719531497395833 0.0962386376953125 0.3664887923177083 0.0927056484375 0.363473974609375 0.08917265869140625 0.36460453125 0.08662890625 0.36611194010416664 0.0829545966796875 0.3664887923177083 0.0799868857421875 0.374402689453125 0.07716049365234375 0.37986704622395834 0.08267195751953126 0.381186029296875 0.08422647314453124 0.38909992643229163
9 0.32837657177734375 0.3182402194010417 0.3341547192382813 0.3182402194010417 0.34019955078125 0.31255096614583333 0.34384422802734377 0.30555792578125 0.3424219150390625 0.2992760423177083 0.33993286669921874 0.29370531575520836 0.3353992431640625 0.29311268489583336 0.33451029736328125 0.29666846809895836 0.33033225244140624 0.296786994140625 0.32686536376953124 0.29572025911458333 0.32464299951171877 0.29963162109375 0.32473189404296876 0.3050838216145833 0.32659868017578125 0.3146844361979167 0.32837657177734375 0.3182402194010417