7 0.15822000146484375 0.4079118028534371 0.1599340341796875 0.4079118028534371 0.1640625 0.404588649156939 0.1640625 0.39004491893644616 0.16325870361328124 0.384588509079118 0.1604781455078125 0.3772025382619974 0.1583927265625 0.3765101037613489 0.15682866259765624 0.37858740726329443 0.1537005341796875 0.38620418936446177 0.1537005341796875 0.3942825959792477 0.1552645986328125 0.40559236381322955 0.15822000146484375 0.4079118028534371
7 0.13493039501953125 0.4362266329442283 0.13759473828125 0.4377431906614786 0.1388779033203125 0.4377431906614786 0.140665296875 0.434380140077821 0.1439672099609375 0.4318412127107652 0.1455078125 0.4292835324254215 0.1455078125 0.41521662127107656 0.14361964013671874 0.40852924254215306 0.13962258740234376 0.40275895265888456 0.13545175 0.40391301037613486 0.13110712744140626 0.40622112645914393 0.1295430634765625 0.4094524883268482 0.12728385986328125 0.41845414072632947 0.12867413916015624 0.42699416926070044 0.13493039501953125 0.4362266329442283
9 0.10558267431640625 0.4479822632944228 0.1054088896484375 0.43944223476005184 0.1080156630859375 0.43874979961089494 0.1092321572265625 0.4463665823605707 0.10975351220703125 0.45467579961089494 0.112293478515625 0.4565499351491569 0.11325998974609375 0.4565499351491569 0.1162109375 0.4531650953307393 0.1162109375 0.45066675162127107 0.113576779296875 0.4403654811932555 0.1088845869140625 0.4292865246433204 0.10610402880859375 0.4221313657587549 0.10175940673828125 0.4209773073929961 0.1001953427734375 0.41982324967574575 0.09880506298828125 0.42651678599221793 0.100716697265625 0.4373649299610895 0.10558267431640625 0.4479822632944228
9 0.115394419921875 0.41738092088197143 0.11574198974609375 0.4236128339818418 0.11474609375 0.42934450972762644 0.11474609375 0.42986781647211414 0.11678469921875 0.4409237029831388 0.1186963330078125 0.4448475 0.124431234375 0.442770195849546 0.12646484375 0.4389438806744487 0.12646484375 0.4386116329442283 0.12356231005859375 0.425459326848249 0.12234581591796875 0.43076799286640727 0.1186963330078125 0.4263825732814527 0.12234581591796875 0.4217663411154345 0.120781751953125 0.41645767509727627 0.118174978515625 0.41230306614785994 0.11626334423828125 0.41137981971465626 0.115394419921875 0.41738092088197143
9 0.23899846533203126 0.32181888326848246 0.24038874462890625 0.3289740428015564 0.24159661962890625 0.33722438391699094 0.24186488134765624 0.33722438391699094 0.24873041943359375 0.3356675784695201 0.251337193359375 0.33243621595330736 0.2494255595703125 0.31951076718547344 0.25244140625 0.3153145479896239 0.25244140625 0.313310831387808 0.2494255595703125 0.3079701880674449 0.246297431640625 0.30427720298313876 0.24455958203125 0.30935505771725036 0.2412576689453125 0.31050911543450066 0.2376081865234375 0.3065853184176394 0.23534898291015624 0.31374047795071336 0.2351751982421875 0.32112644876783397 0.23899846533203126 0.32181888326848246
9 0.2692958388671875 0.35084306095979245 0.2692958388671875 0.3364215207522698 0.27155504248046874 0.33503665110246433 0.2719026123046875 0.3421918106355382 0.270993712890625 0.35084306095979245 0.2739285986328125 0.35084306095979245 0.27587890625 0.3500335946822309 0.27587890625 0.34242853501945525 0.27572588037109375 0.340345317769131 0.2734666767578125 0.32534256485084306 0.269990978515625 0.3181874053177691 0.2661677109375 0.32164957911802855 0.2658201411132812 0.32811230350194553 0.26529878662109374 0.3410377522697795 0.26632893212890624 0.35084306095979245 0.2692958388671875 0.35084306095979245
9 0.3043301821289062 0.31897706874189363 0.30502532177734376 0.32982521465629056 0.3064156005859375 0.338365242542153 0.3072856650390625 0.33852140077821014 0.312783029296875 0.33852140077821014 0.3118029326171875 0.3229008664072633 0.3144097060546875 0.32220843190661475 0.312498072265625 0.31182190985732816 0.31023886865234374 0.31089866472114136 0.30815344970703124 0.31713057717250326 0.3078058798828125 0.32474735927367054 0.3064156005859375 0.32405492477302206 0.3043301821289062 0.31897706874189363
5 0.3671875 0.22238593579766536 0.3671875 0.2213700168612192 0.3649763720703125 0.21569239948119326 0.3601103955078125 0.21776970363164722 0.36150067431640626 0.22492486316472113 0.362195814453125 0.22954109468223086 0.362300474609375 0.22957198443579765 0.36526635205078123 0.22957198443579765 0.364802587890625 0.22238593579766536 0.3671875 0.22238593579766536
9 0.4097312778320312 0.2926942652399481 0.41146912646484374 0.2820769325551232 0.41259765625 0.27907922957198444 0.41259765625 0.27496546822308693 0.411121556640625 0.2689206718547341 0.4038225908203125 0.2712287879377432 0.40104203271484373 0.2816153093385214 0.40486530078125 0.2820769325551232 0.4038225908203125 0.28969371465629057 0.4049177890625 0.29571984435797666 0.40588707080078124 0.29571984435797666 0.4097312778320312 0.2926942652399481
7 0.419085005859375 0.27946951750972765 0.4185636513671875 0.29008685084306096 0.42151799462890627 0.29054847341115436 0.42475225 0.2931258106355383 0.42715341796875 0.2931258106355383 0.43115234375 0.2903845700389105 0.43115234375 0.2897519883268483 0.42933831494140623 0.279238706225681 0.42673154150390624 0.2730067937743191 0.42412476806640625 0.27023705447470814 0.42064906982421874 0.26677488002594035 0.416478232421875 0.268621373540856 0.41421902880859374 0.27646896692607004 0.41560930810546876 0.27970032944228274 0.419085005859375 0.27946951750972765
7 0.38916015625 0.24211492477302204 0.38916015625 0.24062184695201036 0.38756391455078126 0.23368353307392997 0.38916015625 0.23032680220492865 0.38916015625 0.22864841439688716 0.386694990234375 0.2253743158236057 0.38391443212890625 0.22398944617380026 0.37974359423828125 0.2279132431906615 0.381481443359375 0.23437596757457846 0.38113387353515626 0.24106950389105058 0.383553076171875 0.24254215304798962 0.38805727880859375 0.24254215304798962 0.38916015625 0.24211492477302204
9 0.49540700048828124 0.25854091180285343 0.499673201171875 0.2600518806744488 0.5041119018554687 0.2600518806744488 0.5056603095703125 0.2578484766536965 0.5046176000976562 0.24884682555123216 0.50830078125 0.24778339105058367 0.50830078125 0.24667665369649805 0.5058340947265625 0.2386911147859922 0.5020108271484375 0.23522894163424124 0.4959283549804688 0.23430569455252917 0.4912361630859375 0.24030679701686122 0.4898458837890625 0.24399978145265888 0.49419050634765627 0.24446140466926072 0.49558078515625 0.25277062191958494 0.49540700048828124 0.25854091180285343
7 0.57666015625 0.23645678339818416 0.57666015625 0.2347831335927367 0.5751947690429687 0.22965211997405965 0.5699812221679688 0.2271131926070039 0.564593890625 0.22642075745784696 0.5651152456054688 0.24880948054474708 0.5679024858398437 0.2490272373540856 0.57399151171875 0.2490272373540856 0.5743258452148438 0.2370380907911803 0.57666015625 0.23645678339818416
9 0.427807798828125 0.4077541485084306 0.42624373486328127 0.4033687276264592 0.4246796708984375 0.4008298002594034 0.41790206005859376 0.4084465830090791 0.4152952866210938 0.42321852399481197 0.42033504833984375 0.4236801472114138 0.422594251953125 0.42067959662775617 0.4236369614257813 0.42991206031128404 0.427981583984375 0.4347591031128405 0.43076214208984376 0.4486077983138781 0.4357487690429688 0.45006485084306097 0.44071027734375 0.45006485084306097 0.4482421875 0.4435920162127107 0.4482421875 0.4431260252918288 0.44501250390625 0.4250650175097276 0.4417105908203125 0.4158325531776913 0.4481406318359375 0.41283200259403374 0.44240573046875 0.39990655447470813 0.43736596826171875 0.39852168417639433 0.43667082861328127 0.4054460324254215 0.43267377587890626 0.4093698287937743 0.427807798828125 0.4077541485084306
9 0.5005094609375 0.46887673411154346 0.49633862353515623 0.47533945849546044 0.49981432177734375 0.4813405596627756 0.5031162338867188 0.48203299481193257 0.5065919326171875 0.48918815369649804 0.50589679296875 0.4968049357976654 0.507287072265625 0.5053449649805447 0.51244990234375 0.5084306095979247 0.5209455883789063 0.5084306095979247 0.522927712890625 0.5081147036316472 0.527967474609375 0.4993438638132296 0.52880859375 0.4949994747081712 0.52880859375 0.48772480933852136 0.52675098046875 0.4776475745784695 0.525360701171875 0.46633780674448766 0.5217112182617187 0.4582594014267185 0.5166714565429688 0.45572047341115435 0.5158025317382813 0.4594134591439689 0.5109365551757813 0.4614907632944228 0.50589679296875 0.4635680674448768 0.5005094609375 0.46887673411154346
2 0.44964690283203124 0.5998702983138781 0.4513544213867188 0.5998702983138781 0.454702994140625 0.5987967898832685 0.462349529296875 0.5946421815823606 0.46113303515625 0.5842556601815824 0.4590476162109375 0.5819475440985733 0.4526175751953125 0.5819475440985733 0.4501845869140625 0.5879486459143969 0.449489447265625 0.5946421815823606 0.44964690283203124 0.5998702983138781
2 0.419239388671875 0.6009771297016862 0.416632615234375 0.59220628923476 0.4091796875 0.5998028677042802 0.4091796875 0.5998888891050584 0.41194042333984376 0.6090555350194553 0.4162850458984375 0.6113636511024644 0.4199345283203125 0.6099787814526588 0.42062966796875 0.6192112451361867 0.4215926962890625 0.6264591439688716 0.42266805615234376 0.6264591439688716 0.43661787890625 0.6180571874189364 0.447265625 0.6068335726329442 0.447265625 0.599407715304799 0.44669740234375 0.5859743767833981 0.44183142529296876 0.5845895071335927 0.4421789951171875 0.5949760285343709 0.44183142529296876 0.6044393035019455 0.43661787890625 0.6099787814526588 0.43088297705078127 0.6106712166018159 0.424452935546875 0.6065166076523995 0.419239388671875 0.6009771297016862
9 0.3333303740234375 0.6841769721141374 0.34236718896484375 0.7017186523994812 0.352980369140625 0.7107652399481194 0.35657586279296877 0.7107652399481194 0.3541845615234375 0.700102971465629 0.36374273095703125 0.7047192029831387 0.3660019345703125 0.7021802762645915 0.36719264794921874 0.7107652399481194 0.36752832177734374 0.7107652399481194 0.3726057607421875 0.7077197535667964 0.3798828125 0.6855108592736706 0.3798828125 0.6774284312581063 0.37816687744140626 0.6670969150453956 0.36409030078125 0.6497860460440986 0.34879722998046875 0.640322771076524 0.3435836831054688 0.6449390025940337 0.33958663037109377 0.6615574364461738 0.336632287109375 0.6677893488975357 0.33194009521484374 0.6719439584954605 0.3333303740234375 0.6841769721141374
9 0.2540851533203125 0.7449934805447471 0.25790842041015627 0.7500713352788586 0.2659025263671875 0.7498405233463035 0.27302770703125 0.7613811031128405 0.274244201171875 0.7770762905317768 0.2761558349609375 0.7920790440985733 0.28587938818359376 0.7970168612191959 0.28827875439453127 0.7970168612191959 0.31005859375 0.7212241835278858 0.31005859375 0.7184370609597925 0.30708954638671876 0.7039090175097277 0.2959673125 0.6958306121919585 0.274244201171875 0.6976771050583658 0.267640375 0.7071403800259404 0.25877734521484375 0.7189117710765239 0.250609455078125 0.7272209883268482 0.25095702490234373 0.7359918281452659 0.2540851533203125 0.7449934805447471
9 0.18559174609375 0.6765406789883268 0.1848966064453125 0.6830034033722439 0.19706154931640624 0.6827725914396888 0.19567127001953125 0.6896969390402076 0.2040129453125 0.6956980402075227 0.20436051513671874 0.6834650259403373 0.210616771484375 0.6820801562905318 0.21148569580078125 0.6705395778210117 0.2144400390625 0.6636152295719844 0.21728515625 0.6547241050583658 0.21728515625 0.6541288968871595 0.21391868408203124 0.6463043605706874 0.21079055615234374 0.6375335207522698 0.20575079443359376 0.637071897535668 0.2033178056640625 0.6419189409857329 0.1935858515625 0.6414573171206225 0.1883723046875 0.6460735492866407 0.18611310107421875 0.6576141284046693 0.18559174609375 0.6765406789883268
2 0.9116843891601563 0.33859087808041505 0.9118581743164063 0.3438995447470817 0.92141634375 0.34990064591439685 0.9162027973632813 0.3595947328145266 0.922806623046875 0.36813476134889755 0.925587181640625 0.3785212827496757 0.928725712890625 0.3845654993514916 0.929594283203125 0.3845654993514916 0.9334075014648437 0.3799061523994812 0.9365234375 0.36805523411154345 0.9365234375 0.3573797892347601 0.9351453505859375 0.34182224059662775 0.9292366645507812 0.32358812581063556 0.9236755473632813 0.31735621141374837 0.9201998491210938 0.31781783527885865 0.9158552270507813 0.3252038067444877 0.9116843891601563 0.3192027049286641 0.9069921977539063 0.33443626977950713 0.9116843891601563 0.33859087808041505
2 0.8054861088867188 0.35950311219195846 0.8061812485351563 0.3715053145265888 0.8063550336914063 0.38166102464332036 0.81052587109375 0.3832767049286641 0.8134802143554688 0.3902010531776913 0.81313264453125 0.39804864721141375 0.8100045161132813 0.4040497483787289 0.8086142373046875 0.40912760311284047 0.8077453125 0.41812925551232166 0.8110801723632812 0.42477302204928663 0.81127716796875 0.42477302204928663 0.8148704931640625 0.4068194876783398 0.819562685546875 0.3950480959792477 0.8223432436523438 0.38304589364461744 0.8272092211914063 0.3802761543450065 0.8331179072265625 0.38696969130998704 0.8371149599609375 0.4001259507133593 0.8398955185546875 0.4130514007782101 0.8426760766601562 0.4086659798962387 0.8433712163085938 0.38950861867704284 0.8468469140625 0.38627725551232167 0.8515625 0.38538254409857325 0.8515625 0.3843178521400778 0.8489323330078125 0.36619664785992223 0.8449352802734375 0.3560409383916991 0.8374625297851562 0.34842415629053175 0.8303373491210938 0.34519279377431905 0.8228645986328125 0.34450035927367056 0.8162607724609375 0.34727009792477304 0.8087880219726562 0.3521171407263295 0.8054861088867188 0.35950311219195846
9 0.8494523579101563 0.32536153501945525 0.8470193696289062 0.3198220564202335 0.844412595703125 0.32259179571984437 0.8411106831054688 0.3138209552529183 0.84076311328125 0.3281312736705577 0.839546619140625 0.34128753372243836 0.8425009624023437 0.3502891854734112 0.8478882939453125 0.3544437944228275 0.8527542705078125 0.3599832730220493 0.8581416030273438 0.35859840272373544 0.865793712890625 0.364461738002594 0.8695750205078125 0.364461738002594 0.8703065454101563 0.3641378806744488 0.87060546875 0.3586458592736706 0.87060546875 0.33488243709468224 0.8697851904296875 0.3237458534370947 0.865092998046875 0.317052317769131 0.860053236328125 0.3149750123216602 0.8579678178710938 0.3269772159533074 0.8544921196289063 0.33944104085603116 0.8515377763671875 0.3438264617380026 0.8494523579101563 0.33551724383916987 0.8494523579101563 0.32536153501945525