1 0.066695912109375 0.3722467704280155 0.065900443359375 0.3767368884565499 0.06759081494140624 0.3883583702983139 0.0702810478515625 0.3981841763942931 0.07383548486328124 0.3981841763942931 0.077037009765625 0.39786685603112837 0.07861328125 0.3951034130998703 0.07861328125 0.38917407003891047 0.077832478515625 0.385453 0.0755455048828125 0.3828117542153048 0.0748494697265625 0.38149113099870297 0.07584380615234375 0.37805751037613494 0.07236362890625 0.3725108949416342 0.07027552294921875 0.37013377367055766 0.06729251416015625 0.3706620226977951 0.066695912109375 0.3722467704280155
9 0.103160349609375 0.3164721141374838 0.1059684501953125 0.31532455447470814 0.1064453125 0.31215784435797667 0.1064453125 0.31195051621271075 0.1048746806640625 0.3063443184176394 0.10467581298828126 0.30409925940337224 0.1064453125 0.30362922892347605 0.1064453125 0.3028796634241245 0.10507354736328126 0.2985526433203632 0.10388034375 0.2973640823605707 0.10179223779296875 0.3019862626459144 0.09970413232421875 0.30251451167315174 0.1010962021484375 0.30740081712062256 0.10179223779296875 0.3136077451361868 0.1020510380859375 0.3164721141374838 0.103160349609375 0.3164721141374838
9 0.122735833984375 0.33547517704280155 0.12134376318359374 0.3283438138780804 0.12174149755859374 0.3360034260700389 0.122934701171875 0.343398915693904 0.12531283642578125 0.3456549935149157 0.13037109375 0.3456549935149157 0.13037109375 0.34262750129701686 0.12780694873046874 0.34128591893644616 0.12750864794921876 0.3378522983138781 0.12939788671875 0.335871364461738 0.12860241796875 0.3290041251621271 0.1263154443359375 0.32781556420233465 0.1260171435546875 0.33283393190661476 0.122735833984375 0.33547517704280155
7 0.13553841015625 0.3030501679636835 0.13742764892578124 0.3108418443579767 0.1392172412109375 0.311284046692607 0.14276048681640624 0.311284046692607 0.14647610888671875 0.3091250343709468 0.14597894091796876 0.3037104805447471 0.146484375 0.3010253210116731 0.146484375 0.2925415998702983 0.14637667529296874 0.2915607490272374 0.14339366650390625 0.28878744033722437 0.14229989697265624 0.29208899675745786 0.14021179052734375 0.293145495460441 0.1375270830078125 0.2898439383916991 0.13424577294921874 0.2938058080415046 0.13404690576171874 0.2969753035019455 0.13553841015625 0.3030501679636835
7 0.17626953125 0.3277140914396887 0.17626953125 0.3251034513618677 0.175460328125 0.3139261588845655 0.17250625927734375 0.3106355382619974 0.1722832685546875 0.3106355382619974 0.16949431103515625 0.3148505953307393 0.16730677099609376 0.3136620343709468 0.16591469970703124 0.3178880278858625 0.1648209306640625 0.31868040207522697 0.16710790380859375 0.32541557911802854 0.16947651708984374 0.32944228274967574 0.17028398046875 0.32944228274967574 0.17626953125 0.3277140914396887
7 0.14822437060546875 0.40145963878080415 0.15082114794921875 0.4085603112840467 0.15087890625 0.4085603112840467 0.15087890625 0.39946289364461735 0.1478266357421875 0.38693278599221786 0.144346458984375 0.38455566472114133 0.1418606181640625 0.38864959597924775 0.13947421142578126 0.3891778450064851 0.1412640166015625 0.39234734046692604 0.14275552099609376 0.39987489105058366 0.14822437060546875 0.40145963878080415
7 0.136348173828125 0.43634663229571985 0.13725866845703125 0.440337224383917 0.14015275244140624 0.440337224383917 0.1406238193359375 0.43370538586251617 0.1466892705078125 0.4317244507133593 0.15225755322265624 0.427498457846952 0.15380859375 0.4245427950713359 0.15380859375 0.42050887029831385 0.15195925244140626 0.41389604085603116 0.149672279296875 0.4084814870298314 0.14758417333984375 0.40240662127107657 0.14271192529296875 0.4022745590142672 0.13664647412109374 0.4072929260700389 0.13326573095703126 0.4127074805447471 0.1339617666015625 0.42419690077821015 0.136348173828125 0.43634663229571985
9 0.11533710107421875 0.44422827496757455 0.11761974951171875 0.44422827496757455 0.1198492451171875 0.4436898942931258 0.12255859375 0.441390911154345 0.12255859375 0.4341797911802853 0.12144018310546875 0.4258614837872892 0.117761138671875 0.41767362127107655 0.1141815283203125 0.41159875551232167 0.1116956875 0.41080638197146563 0.110502484375 0.41344762775616084 0.11090021875 0.4234843631647211 0.1141815283203125 0.43986008690012973 0.11533710107421875 0.44422827496757455
9 0.10487924853515625 0.4470897140077821 0.10960033349609374 0.45525291828793774 0.11472913037109375 0.45525291828793774 0.1171875 0.45224561478599223 0.1171875 0.45127353047989627 0.11442487646484376 0.4424675337224384 0.1098509296875 0.4301857399481193 0.1064701865234375 0.4221299396887159 0.1014985048828125 0.42067725421530483 0.09941039892578125 0.4234505622568094 0.1001064345703125 0.43282698573281453 0.10189623974609376 0.4407507237354085 0.10487924853515625 0.4470897140077821
9 0.277228080078125 0.34275909468223087 0.2789184521484375 0.3535882029831388 0.2822890166015625 0.3540856031128405 0.2858579794921875 0.3540856031128405 0.28857421875 0.35236771725032423 0.28857421875 0.338618406614786 0.2872708764648437 0.32823224189364464 0.28498390380859373 0.3200443787289235 0.2822991953125 0.3167428216601816 0.28130485888671874 0.320704691309987 0.2790178857421875 0.3251948093385214 0.277128646484375 0.32559099546044096 0.277228080078125 0.3345712321660182 0.277228080078125 0.34275909468223087
9 0.23232921533203124 0.32269526199740595 0.23292581689453126 0.3325999338521401 0.234692505859375 0.33916990920881973 0.24054336962890624 0.33916990920881973 0.24365234375 0.33746966277561613 0.24365234375 0.33452145979247727 0.2428691796875 0.32401588391699093 0.24157654248046875 0.3147715233463035 0.236704294921875 0.3077722217898833 0.23531222412109376 0.31213027821011674 0.23312468408203124 0.31358296238651107 0.23193359375 0.31397844811932557 0.23193359375 0.31402546108949414 0.23232921533203124 0.32269526199740595
5 0.36580556298828126 0.23086900129701687 0.37109375 0.23086900129701687 0.37109375 0.22493686316472114 0.371029041015625 0.22298882295719846 0.3685432001953125 0.21849870428015564 0.365659625 0.2183666420233463 0.36396925341796876 0.22074376394293127 0.36406868701171874 0.22734687872892348 0.36536132421875 0.23078049935149159 0.36580556298828126 0.23086900129701687
7 0.3881118310546875 0.23147287548638132 0.3896484375 0.22973816601815825 0.3896484375 0.22847246368352786 0.3870180615234375 0.2240773878080415 0.38363731787109373 0.22394532425421532 0.37995827392578124 0.2265865719844358 0.3816486450195313 0.23200112581063556 0.38156009228515625 0.23670557717250323 0.387150701171875 0.23670557717250323 0.3876146630859375 0.2364912438391699 0.3881118310546875 0.23147287548638132
9 0.3870951064453125 0.22181229247730222 0.3887334736328125 0.2243839169909209 0.39416806884765626 0.2243839169909209 0.39206678759765623 0.21705804993514916 0.39445319482421876 0.21613361348897536 0.3939560263671875 0.20913431193255513 0.390973017578125 0.20662512840466926 0.3875922744140625 0.20596481647211415 0.38679680517578124 0.20794575097276266 0.38679680517578124 0.2149450531776913 0.3870951064453125 0.22181229247730222
7 0.4159911708984375 0.23086000453955902 0.41867587890625 0.22861494617380027 0.41718437451171875 0.22201183009079117 0.4189453125 0.2200628456549935 0.4189453125 0.2182629662775616 0.4168860732421875 0.21461634241245137 0.413008162109375 0.21435221660181583 0.4099257197265625 0.21672933916990922 0.4102240205078125 0.2217477055771725 0.41121835693359376 0.22795463359273668 0.4106697783203125 0.23086900129701687 0.41580827490234373 0.23086900129701687 0.4159911708984375 0.23086000453955902
7 0.4501299658203125 0.23262134435797666 0.44973223095703124 0.23618702594033725 0.445645166015625 0.24124513618677043 0.44674376806640625 0.24124513618677043 0.45068359375 0.24023236316472116 0.45068359375 0.22925228664072633 0.4506271337890625 0.22852741245136188 0.4491356293945313 0.22364110765239947 0.447246390625 0.22245254669260697 0.4468413974609375 0.22243839169909208 0.44318185693359374 0.22243839169909208 0.44058433740234376 0.22350904539559016 0.4387945322265625 0.229980097924773 0.44058433740234376 0.23011216018158234 0.441976408203125 0.2396206459143969 0.44336847900390625 0.23975270817120622 0.447246390625 0.23420609143968874 0.44734582421875 0.23262134435797666 0.4501299658203125 0.23262134435797666
9 0.47265625 0.22683406485084304 0.4713914384765625 0.2251542120622568 0.47265625 0.22406724837872893 0.47265625 0.22153490272373544 0.47188860693359375 0.2176266608300908 0.47099370458984374 0.2160419130998703 0.46582315576171873 0.2147212905317769 0.4640333505859375 0.2156457263294423 0.4642322177734375 0.22132440531776915 0.46489412451171874 0.23086900129701687 0.47265625 0.23086900129701687 0.47265625 0.22683406485084304
9 0.48019985986328123 0.2478766031128405 0.48174649072265624 0.248378728923476 0.48644258447265626 0.248378728923476 0.4888505849609375 0.24708422957198442 0.48745851416015623 0.23863224254215304 0.490234375 0.23672940531776912 0.490234375 0.23599572243839168 0.48775681494140627 0.23176500259403374 0.48457493896484377 0.2297840680933852 0.48328230224609375 0.23638718352788585 0.4813930625 0.2329535635538262 0.47940439013671876 0.23004819260700388 0.47870835498046876 0.23691543255512323 0.4798021245117188 0.24299029831387808 0.48019985986328123 0.2478766031128405
9 0.4984710078125 0.2619974059662776 0.5028721162109375 0.2619974059662776 0.5062274658203125 0.26108962191958496 0.50344332421875 0.2502605129701686 0.5078125 0.2489990142671855 0.5078125 0.24811392153047987 0.5053325629882812 0.23811078210116732 0.5010569169921875 0.2362619092088197 0.49528976708984374 0.23586572308690013 0.4931640625 0.23856063748378728 0.4931640625 0.24618354085603114 0.4940965634765625 0.24933607717250322 0.4944942978515625 0.26108962191958496 0.4984710078125 0.2619974059662776
7 0.5663044033203125 0.248378728923476 0.5756551381835937 0.248378728923476 0.5745391123046875 0.23899118352788587 0.5750362807617188 0.2371423112840467 0.57672665234375 0.2383308722438392 0.57763671875 0.2376257970168612 0.57763671875 0.23583387418936447 0.5768260859375 0.2313315700389105 0.5743402451171875 0.22816207457846951 0.570661201171875 0.22591701556420232 0.5673798920898437 0.22525670428015565 0.56409858203125 0.2277658878080415 0.56459575 0.24387748832684825 0.5647946171875 0.2479714195849546 0.5663044033203125 0.248378728923476
9 0.5996643227539062 0.23605706874189364 0.6029810131835938 0.23520235797665368 0.602782146484375 0.23269317444876786 0.603515625 0.2265559325551232 0.603515625 0.2239816011673152 0.601489509765625 0.22093962970168612 0.59860593359375 0.22133581647211412 0.5951257573242188 0.22371293774319065 0.5934353852539063 0.23190080025940335 0.5966172612304688 0.2338817347600519 0.59771103125 0.23295729896238648 0.5966218745117188 0.23605706874189364 0.5996643227539062 0.23605706874189364
8 0.6286415849609375 0.26355893968871597 0.6301963852539062 0.26459143968871596 0.6306664145507812 0.26459143968871596 0.6310279926757812 0.2617100674448768 0.62993422265625 0.25840850972762647 0.63053082421875 0.25444664072632944 0.6323206293945313 0.2543145784695201 0.6335138330078125 0.2562955129701686 0.63525390625 0.2527738826199741 0.63525390625 0.2516161705577173 0.630431390625 0.2453343424124514 0.624465373046875 0.24454196887159532 0.6212834970703125 0.24493815629053178 0.6153174790039062 0.25088095914396885 0.61770388671875 0.2536542671854734 0.6200902934570313 0.2529939559014267 0.6212834970703125 0.2588046971465629 0.6286415849609375 0.26355893968871597
7 0.6166188017578125 0.36721849740596624 0.6144312622070313 0.3874240291828794 0.6171159697265625 0.3888767146562905 0.6167732197265625 0.39169909208819714 0.619337107421875 0.39169909208819714 0.632428748046875 0.38557515693904015 0.6309372436523437 0.3809529766536965 0.6317327124023437 0.37421779961089496 0.6357421875 0.37310322957198444 0.6357421875 0.3704536387808042 0.6346162880859375 0.3595588839169909 0.6303406420898438 0.3536160804150454 0.6236785888671875 0.35269164461738 0.620297845703125 0.35269164461738 0.6167182348632813 0.35506876588845654 0.61328125 0.3633107937743191 0.61328125 0.36379894487678344 0.6166188017578125 0.36721849740596624
9 0.5024981459960938 0.4824465265888457 0.505481154296875 0.47927703177691305 0.5078675620117188 0.49327563488975357 0.5075692612304687 0.4956527561608301 0.5053817211914062 0.4955206945525292 0.5062766240234375 0.5031803073929961 0.51095000390625 0.508858986381323 0.5164857934570313 0.5103761348897535 0.5176172109375 0.5103761348897535 0.5238763754882813 0.5072742392996109 0.529544091796875 0.4982940025940338 0.5306378618164063 0.49076645136186775 0.528649189453125 0.48574808365758754 0.5275554194335937 0.470560920233463 0.5247712778320313 0.4595997483787289 0.5197278715820313 0.4571984435797665 0.5194535170898438 0.4571984435797665 0.5185069594726562 0.45933562386511023 0.5135352788085937 0.46092037224383914 0.5092596328125 0.4625051193255513 0.5080664291992187 0.4646181160830091 0.504983986328125 0.4648822405966278 0.4988191020507812 0.47518309987029833 0.49921683642578124 0.4807297166018158 0.5024981459960938 0.4824465265888457
2 0.4819610185546875 0.5758754863813229 0.4859789580078125 0.573086 0.48756989599609374 0.5683317581063554 0.48779296875 0.5653690239948119 0.48779296875 0.5596657639429312 0.48747046142578127 0.5572385246433204 0.4848851875 0.5565782133592737 0.48160387841796876 0.5573705862516213 0.479714638671875 0.5623889546044099 0.47832256787109373 0.5670111342412452 0.47872030322265624 0.5738783748378729 0.4812854125976562 0.5758754863813229 0.4819610185546875 0.5758754863813229
2 0.4579585146484375 0.5973346608300908 0.46240234375 0.5944393151750973 0.46240234375 0.5893748806744488 0.46163755859375 0.585184929312581 0.45994718701171877 0.5809589357976653 0.45418003662109374 0.5801665622568094 0.44960608984375 0.5830719325551232 0.44831345263671873 0.5920521692607004 0.44801515185546875 0.5989194085603112 0.4518930634765625 0.6011644675745784 0.4579585146484375 0.5973346608300908
2 0.4236429921875 0.6037835110246433 0.417577541015625 0.5951994617380025 0.4111328125 0.6024421459143968 0.4111328125 0.6025508482490273 0.41280472705078125 0.6105186887159533 0.41568830224609377 0.6136881835278859 0.41946677978515623 0.611311061608301 0.42080961962890623 0.6271076523994812 0.4215670986328125 0.6271076523994812 0.447265625 0.6060939306095979 0.447265625 0.6033311952010376 0.4467115932617188 0.5974445201037614 0.44561782373046877 0.5839741660181582 0.4394529384765625 0.5823894182879378 0.44303254931640623 0.5975765830090791 0.44293311572265626 0.6031231990920882 0.44094444287109374 0.6069530064850843 0.4322937177734375 0.6102545642023346 0.4236429921875 0.6037835110246433
9 0.2522122270507812 0.7446482159533073 0.2578799438476562 0.7507230817120623 0.2665306689453125 0.7536284526588846 0.2730932885742188 0.7636651874189365 0.27547969580078124 0.7688156167315174 0.27359045703125 0.7818897846952011 0.27796553662109375 0.792718892996109 0.286180169921875 0.7970168612191959 0.28805055859375 0.7970168612191959 0.31005859375 0.7192004578469521 0.31005859375 0.7183268236057069 0.30690072119140627 0.7071425226977951 0.299343765625 0.6969737256809339 0.27359045703125 0.6981622866407264 0.2618572890625 0.7078028346303502 0.26086295263671877 0.7150662607003891 0.257382775390625 0.7218014383916991 0.25101902392578124 0.7321022976653696 0.2522122270507812 0.7446482159533073
7 0.8210738979492187 0.38367279961089495 0.8184886235351563 0.4067837023346303 0.8207755966796875 0.41932962062256807 0.8334036674804688 0.42632892282749674 0.84762267578125 0.4265930473411154 0.8587592421875 0.4215746796368353 0.8618416845703125 0.4091608236057068 0.8600518793945312 0.3981996530479896 0.8595547109375 0.39238891180285346 0.86962890625 0.3919992029831388 0.86962890625 0.3906581913099871 0.8685037373046876 0.38169186511024644 0.865321861328125 0.36452376653696494 0.8576654721679687 0.3552794053177691 0.8464294721679687 0.3513175363164721 0.841557224609375 0.35105341180285343 0.8338014018554688 0.35818477561608303 0.8265427470703125 0.3702024455252918 0.8210738979492187 0.38367279961089495
9 0.8449966953125 0.30588643385214004 0.84390292578125 0.30113219130998703 0.838831810546875 0.3027169390402075 0.8335618286132812 0.31288573605706876 0.8297833505859376 0.32728052658884565 0.826303173828125 0.3400905693904021 0.8239167666015625 0.35105174059662775 0.825905439453125 0.35039142931258105 0.8300816513671875 0.3542212360570688 0.8321697578125 0.35527773411154345 0.8332635278320313 0.3511838022049287 0.8358488017578125 0.34854255706874193 0.838732376953125 0.34603337289234765 0.8411187841796876 0.3457692477302205 0.8417153857421875 0.33969438261997403 0.844797828125 0.330978271076524 0.849670076171875 0.3260919656290532 0.8551389252929688 0.3249034053177691 0.8599117392578125 0.3297897101167315 0.862397580078125 0.33533632684824904 0.8643862524414062 0.3477501828793774 0.8639885180664062 0.3596357898832685 0.8667726596679688 0.3663709675745785 0.8691389731445313 0.36770428015564205 0.8701010209960938 0.36770428015564205 0.87060546875 0.36217695071335926 0.87060546875 0.3313276206225681 0.8699545356445313 0.3231865953307393 0.8650822880859375 0.3142063592736706 0.8614032436523438 0.3140742963683528 0.8550394916992188 0.31882853955901425 0.8524542172851562 0.31962091309987034 0.8472836689453125 0.31922472632944227 0.8445989609375 0.31394223411154343 0.8449966953125 0.30588643385214004
2 0.9109172592773438 0.3276692431906615 0.90763594921875 0.33797010246433207 0.9036586049804688 0.3404792866407263 0.9053489765625 0.34602590272373546 0.9085308525390625 0.344309093385214 0.911712728515625 0.34629002723735414 0.913104798828125 0.35130839494163424 0.9152923388671875 0.35421376588845654 0.9192696840820312 0.35685501167315176 0.9233464624023437 0.35870388391699093 0.9193691176757812 0.36200544098573284 0.9175793125 0.36517493644617377 0.924539666015625 0.37191011284046693 0.9263294716796875 0.3765322944228275 0.9262300380859375 0.3827392217898833 0.9263956049804688 0.38845654993514916 0.9294592138671876 0.38845654993514916 0.9313011528320313 0.3877575894941634 0.9359745327148438 0.38062622503242544 0.93701171875 0.3749324208819715 0.93701171875 0.34515442671854735 0.9342841616210937 0.3345364824902724 0.9307045512695312 0.32753718093385215 0.9277215424804688 0.32727305642023347 0.923147595703125 0.32489593514915693 0.9209600551757813 0.3227829383916991 0.9188719497070312 0.3283295551232166 0.9145963037109375 0.3280654299610895 0.9109172592773438 0.3276692431906615
2 0.804853150390625 0.2733231932555123 0.8090293627929688 0.27609650129701685 0.79958316796875 0.2923401647211414 0.81042143359375 0.2977547185473411 0.816916025390625 0.29961089494163423 0.8208684741210938 0.29961089494163423 0.8212890625 0.2915510642023346 0.8212890625 0.26054457133592734 0.8185749907226563 0.25258941245136185 0.8121118051757813 0.2455901102464332 0.8094270971679688 0.2445336121919585 0.805250884765625 0.247306920233463 0.8012735395507813 0.2562871562905318 0.7999809028320313 0.26645595395590144 0.799483734375 0.27160638261997405 0.804853150390625 0.2733231932555123