5 0.38665980810546874 0.22526697989623867 0.38680269775390624 0.22109185473411153 0.38680269775390624 0.21805540012970168 0.3895176040039062 0.2186247354085603 0.3898033837890625 0.21425983138780805 0.3880887060546875 0.21274160440985732 0.38508802001953124 0.21293138261997407 0.38223022412109375 0.2136904961089494 0.38037265673828125 0.21672695071335926 0.38208733447265625 0.21919407068741892 0.38323045263671873 0.2233691952010376 0.38665980810546874 0.22526697989623867
7 0.4016632373046875 0.23513545719844356 0.40091306591796877 0.23058077561608303 0.4036994169921875 0.22944210505836576 0.40209190673828127 0.22488742282749677 0.4002700615234375 0.22261008171206226 0.39748371044921876 0.22232541439688716 0.39459019189453126 0.22317941699092086 0.394375857421875 0.22944210505836576 0.39534036328125 0.2385514688715953 0.39951989013671874 0.23684346303501946 0.4016632373046875 0.23513545719844356
9 0.40327074755859377 0.22460275551232164 0.4084147807617188 0.22417575356679637 0.41034379296875 0.22332175097276266 0.40766460888671874 0.2150663897535668 0.41034379296875 0.21407005317769132 0.40884344970703124 0.20809203307392996 0.407235939453125 0.2056723579766537 0.40477109033203124 0.2049606893644617 0.4016632373046875 0.20481835538261997 0.40059156396484374 0.20823436705577172 0.4013417353515625 0.21407005317769132 0.40187757177734373 0.22004807328145265 0.40327074755859377 0.22460275551232164
7 0.42674039794921875 0.23115011089494164 0.43091992431640624 0.23058077561608303 0.4333847734375 0.22844576783398185 0.4323131000976563 0.22075974254215305 0.4335991083984375 0.21648972762645913 0.43274176953125 0.21350071789883268 0.4298482509765625 0.2105117075226978 0.4257758916015625 0.2112233767833982 0.4240612138671875 0.2150663897535668 0.42481138525390627 0.22104440985732815 0.42566872412109374 0.22830343450064852 0.42674039794921875 0.23115011089494164
7 0.44656635791015625 0.23399678664072632 0.44656635791015625 0.23670112905317767 0.450102880859375 0.23755513229571987 0.45513974609375 0.23655879571984437 0.45578275048828126 0.23371211932555125 0.45513974609375 0.22844576783398185 0.45781893017578124 0.22830343450064852 0.4563185869140625 0.22332175097276266 0.45471107666015625 0.22019040726329445 0.4512817216796875 0.21919407068741892 0.44592335400390626 0.2199057392996109 0.4445301782226562 0.2251720907911803 0.4444230107421875 0.2285881018158236 0.4461376884765625 0.22901510311284046 0.44656635791015625 0.23399678664072632
9 0.4975780180664062 0.2610402107652399 0.5035793896484375 0.2610402107652399 0.5077589165039063 0.26018620817120625 0.5058299038085937 0.2522155149156939 0.504436728515625 0.24680683009079116 0.5079732509765625 0.24566815953307394 0.5070087446289062 0.24054414202334629 0.507115912109375 0.2369857970168612 0.505401234375 0.2354201251621271 0.5026148833007813 0.23442378793774318 0.5004715361328125 0.23442378793774318 0.49736368310546875 0.23428145460440986 0.49618484228515625 0.23556245849546043 0.4952203359375 0.2435331523994812 0.4958633403320313 0.25079217639429313 0.49618484228515625 0.2589052036316472 0.4975780180664062 0.2610402107652399
9 0.6437542866210938 0.24267914915693906 0.6445044580078125 0.2453834915693904 0.648469650390625 0.24637982814526588 0.6516846708984375 0.24723383138780805 0.6521133403320313 0.2431061504539559 0.6521133403320313 0.23954780544747084 0.6537208505859375 0.23527779118028536 0.6539351850585937 0.23129244422827494 0.6516846708984375 0.2295844383916991 0.6476123115234375 0.22972677237354083 0.6439686215820313 0.2308654429312581 0.642361111328125 0.23399678664072632 0.6420396088867187 0.23727046433203633 0.6438614541015625 0.23769746562905317 0.6437542866210938 0.24267914915693906
9 0.6313228740234375 0.2419674805447471 0.6310013715820313 0.24680683009079116 0.63314471875 0.24908417055771723 0.6366812412109375 0.24993817380025943 0.6390389233398438 0.24894183722438393 0.6396819272460937 0.24467182295719844 0.6398962622070312 0.24267914915693906 0.6412894375 0.23983247341115432 0.6410751030273437 0.23627412775616083 0.6396819272460937 0.23470845590142672 0.6381815844726563 0.23769746562905317 0.634859396484375 0.23840913488975357 0.6319658779296875 0.23684346303501946 0.63046553515625 0.23527779118028536 0.629393861328125 0.23812446757457847 0.628750857421875 0.2413981452658885 0.6300368657226563 0.24324848443579766 0.6313228740234375 0.2419674805447471
8 0.6152477709960937 0.24894183722438393 0.6183556240234375 0.24723383138780805 0.6183556240234375 0.24979583981841763 0.6196416323242188 0.25178851361867705 0.6198559672851562 0.25392352075226976 0.62360682421875 0.25548919260700387 0.6268218452148437 0.2552045246433204 0.6280006860351562 0.25278485019455255 0.62767918359375 0.2496535058365759 0.629072359375 0.24894183722438393 0.6310013715820313 0.24922650453955902 0.6301440327148438 0.24524115823605705 0.6277863510742188 0.24267914915693906 0.6244641630859376 0.24082880998702982 0.6208204731445313 0.23983247341115432 0.618569958984375 0.24111347730220495 0.6157836079101563 0.2435331523994812 0.6136402607421875 0.24652216212710767 0.6152477709960937 0.24894183722438393
7 0.5643432783203125 0.2324311147859922 0.5649862827148437 0.23570479247730222 0.5649862827148437 0.24025947470817122 0.5659507885742188 0.2438178197146563 0.5697016459960937 0.2445294889753567 0.574417009765625 0.24552582555123217 0.5769890258789062 0.2453834915693904 0.5757030180664062 0.2385514688715953 0.575381515625 0.23513545719844356 0.5779535322265625 0.23556245849546043 0.5782750341796875 0.2308654429312581 0.5766675239257812 0.22673776264591441 0.5740955073242188 0.22417575356679637 0.5717378256835938 0.22261008171206226 0.5676654663085937 0.22175607911802855 0.5656292866210938 0.22332175097276266 0.5643432783203125 0.22460275551232164 0.5638074418945312 0.2287304357976654 0.5643432783203125 0.2324311147859922
7 0.3694058642578125 0.30359802075226977 0.37358539111328126 0.3024593501945525 0.3745498969726562 0.3065870311284047 0.374014060546875 0.3138460551232166 0.373263888671875 0.3193970739299611 0.37765775048828126 0.3176890680933852 0.38290895068359376 0.3155540609597925 0.38612397119140623 0.2997550077821012 0.38473079541015626 0.29078797795071337 0.38151577490234373 0.2865179636835279 0.37830075439453126 0.2863756297016861 0.3743355625 0.2883683028534371 0.3714420439453125 0.2906456439688716 0.3692986967773437 0.2947733242542153 0.369191529296875 0.30117834630350193 0.3694058642578125 0.30359802075226977
7 0.31314300390625 0.33918147405966276 0.31496484912109374 0.3394661413748378 0.3150720166015625 0.3454441614785992 0.31646519189453126 0.33747346822308694 0.31989454736328127 0.3367617989623865 0.323002400390625 0.3366194649805448 0.326431755859375 0.33761580220492865 0.32943244189453125 0.3379004695201037 0.3310399521484375 0.33548079442282747 0.3287894375 0.32907577302204927 0.3269675927734375 0.3252327600518807 0.32546724951171874 0.3266560985732815 0.32460991064453126 0.33021444357976654 0.31935871044921876 0.3310684468223087 0.31592935546875 0.32694076588845655 0.31432184521484374 0.3250904267185474 0.31153549365234373 0.3283641044098573 0.31089248974609374 0.3346267918287938 0.31057098779296877 0.3384698047989624 0.31314300390625 0.33918147405966276
9 0.23191015087890626 0.30374035473411154 0.23094564453125 0.3090067055771725 0.23105281201171876 0.3156963949416342 0.2308384775390625 0.3192547399481193 0.2335176611328125 0.3266560985732815 0.23501800390625 0.3314954481193255 0.24091220849609374 0.3319224494163424 0.24466306591796874 0.3299297762645914 0.2460562412109375 0.31953940791180285 0.2468064130859375 0.310003042153048 0.24498456787109374 0.3026016841763943 0.24359139208984376 0.2980470019455253 0.24123371044921876 0.29818933592736707 0.23984053515625 0.3006090110246433 0.23887602880859374 0.3026016841763943 0.2364111796875 0.30203234889753566 0.23426783251953126 0.30046667704280156 0.23191015087890626 0.30374035473411154
9 0.21658521923828125 0.3518491828793774 0.218407064453125 0.3548381932555123 0.22440843603515626 0.3536995226977951 0.2260159462890625 0.35014117704280157 0.2247299384765625 0.3413164811932555 0.22440843603515626 0.3346267918287938 0.2230152607421875 0.32950277431906616 0.2209790810546875 0.32537509403372245 0.21851423193359376 0.3235247542153048 0.21476337451171876 0.3235247542153048 0.21272719482421876 0.3270830998702983 0.2120841904296875 0.3320647833981842 0.21272719482421876 0.33875447211413745 0.21444187255859376 0.34444782490272374 0.21658521923828125 0.3518491828793774
9 0.25409379296875 0.3484331718547341 0.25409379296875 0.3535571887159533 0.25827331982421875 0.35498052723735407 0.26245284619140624 0.3529878534370947 0.2650248627929688 0.3504258450064851 0.26352452001953125 0.3369041329442283 0.26245284619140624 0.3260867632944228 0.2593449931640625 0.3235247542153048 0.2552726337890625 0.32124741374837873 0.2529149521484375 0.3245210914396887 0.25227194775390627 0.334484457846952 0.25259344970703124 0.342312817769131 0.25409379296875 0.3484331718547341
9 0.130101166015625 0.3398931426718547 0.1306370029296875 0.3430244870298314 0.1333161865234375 0.3431668203631647 0.1367455419921875 0.3418858164721142 0.13803155029296876 0.33804280350194554 0.135888203125 0.3303567775616083 0.13374485595703126 0.3258020953307393 0.1298868310546875 0.32437875745784694 0.126028806640625 0.32594442931258105 0.1254929697265625 0.3330611199740596 0.12592163916015625 0.33590779636835283 0.12881515771484375 0.3363347976653696 0.130101166015625 0.3398931426718547
1 0.07394547314453125 0.3981076718547341 0.07619598779296875 0.4040856919584955 0.08144718798828125 0.4033740226977951 0.08316186572265626 0.4008120142671855 0.08198302490234376 0.39326832230869 0.078125 0.3855822963683528 0.07544581640625 0.3797466102464332 0.0738383056640625 0.37618826523994814 0.07126628955078125 0.3751919280155642 0.06901577490234374 0.37576126329442283 0.06901577490234374 0.3813122821011673 0.069658779296875 0.38672096692607 0.071694958984375 0.3917026504539559 0.07394547314453125 0.3981076718547341
9 0.058727708984375 0.42586276523994815 0.05904921142578125 0.4309867827496758 0.062800068359375 0.44066548184176396 0.06547925244140625 0.44792450583657584 0.0735168037109375 0.4437968255512322 0.07480281201171875 0.43611079961089494 0.07298096728515625 0.4302751134889754 0.07094478759765625 0.424297093385214 0.069658779296875 0.4173227367055772 0.068265603515625 0.41148705058365753 0.06697959521484376 0.4113447166018158 0.06462191357421875 0.41319505577172505 0.06258573388671874 0.41276805447470816 0.06044238671875 0.41006371206225684 0.0595850478515625 0.41319505577172505 0.0586205419921875 0.41632640012970173 0.058084705078125 0.4207387483787289 0.058727708984375 0.42586276523994815
9 0.12067043896484375 0.4299904455252918 0.12238511669921875 0.4379611394293126 0.12431412890625 0.4466435019455253 0.12999399853515625 0.44450849481193255 0.13235168017578125 0.43995381258106353 0.1292438271484375 0.43611079961089494 0.126671810546875 0.42757077107652397 0.12560013720703125 0.42102341569390406 0.123992626953125 0.41589939818417637 0.121956447265625 0.41419139299610896 0.117884087890625 0.4149030616083009 0.1167052470703125 0.4168957354085603 0.115847908203125 0.4235854241245136 0.115847908203125 0.4287094416342413 0.11949159814453125 0.42927877691309985 0.12067043896484375 0.4299904455252918
7 0.164716220703125 0.3935529902723735 0.164716220703125 0.3972536692607004 0.162680041015625 0.3992463424124514 0.16332304541015624 0.401808350843061 0.16578789453125 0.40308935538262003 0.16707390283203125 0.40764403761348894 0.1676097392578125 0.4102060460440986 0.1737182783203125 0.40935204280155646 0.174254115234375 0.40636303307392996 0.17039609033203126 0.40479736121919585 0.17093192724609374 0.39953101037613487 0.172217935546875 0.391275649156939 0.17318244189453125 0.38672096692607 0.17243227001953124 0.38116994811932553 0.17028892333984375 0.37576126329442283 0.16718106982421874 0.380600612840467 0.16503772314453125 0.3833049552529183 0.16428755126953126 0.38800197146562904 0.164716220703125 0.3935529902723735
7 0.17211076806640624 0.4035163566796368 0.17393261328125 0.4053666964980545 0.176290294921875 0.4067900343709468 0.17607596044921875 0.4124833871595331 0.17961248291015625 0.4149030616083009 0.1846493486328125 0.4113447166018158 0.18754286669921874 0.4067900343709468 0.1866855283203125 0.40266235408560314 0.1866855283203125 0.3976806705577173 0.18775720166015625 0.39526099546044097 0.188828875 0.39782300453955904 0.188828875 0.4013813495460441 0.1907578876953125 0.4020930188067445 0.19300840185546875 0.3988193411154345 0.19300840185546875 0.39099098119325554 0.1900077158203125 0.3852976290531777 0.18507801806640625 0.3820239513618677 0.1815414951171875 0.3814546160830091 0.17875514404296874 0.3833049552529183 0.1751114541015625 0.38771730350194555 0.1730752744140625 0.3914179824902723 0.17232510302734375 0.39597266472114134 0.17189643359375 0.4008120142671855 0.17211076806640624 0.4035163566796368
7 0.489111796875 0.4220197522697795 0.4876114541015625 0.4271437697795072 0.48568244189453125 0.43426046044098576 0.4858967763671875 0.4439391595330739 0.4872899521484375 0.44877850907911804 0.49189814794921877 0.45034418093385215 0.496292009765625 0.4510558501945526 0.5005787036132813 0.44991717963683525 0.5051868999023438 0.44778217250324254 0.5090449243164062 0.4470705032425421 0.512581447265625 0.4466435019455253 0.512581447265625 0.44194648573281453 0.51086676953125 0.434118126459144 0.5093664267578125 0.42742843709468226 0.5139746225585937 0.4272861031128405 0.5154749658203125 0.425578097924773 0.515260630859375 0.41746507068741895 0.51290294921875 0.40920970946822305 0.509152091796875 0.4056513638132296 0.5040080590820313 0.4023776861219196 0.49800668701171874 0.4013813495460441 0.4952203359375 0.40052734695201037 0.4916838134765625 0.4020930188067445 0.48975480126953125 0.4086403741893645 0.48857596044921875 0.41419139299610896 0.488147291015625 0.41960007782101166 0.489111796875 0.4220197522697795
2 0.4821459189453125 0.574886266536965 0.48568244189453125 0.5724665914396887 0.4882544580078125 0.5669155726329442 0.488790294921875 0.5607952191958495 0.4882544580078125 0.5578062088197147 0.4865397807617188 0.5562405369649805 0.48343192724609374 0.5566675382619974 0.4811814130859375 0.5616492217898832 0.4794667353515625 0.5680542431906616 0.47935956787109374 0.5724665914396887 0.4821459189453125 0.574886266536965
2 0.41548782568359377 0.6003640188067445 0.416773833984375 0.6054880356679637 0.4211676953125 0.6044916990920882 0.4237397119140625 0.60136035538262 0.42363254443359377 0.6057727036316471 0.4220250341796875 0.6123200590142672 0.4220250341796875 0.6197214169909209 0.42256087109375 0.6254147697795072 0.42845507568359376 0.6219987581063554 0.4334919409179688 0.6165900732814527 0.43895747607421876 0.6133163955901426 0.447316529296875 0.605915037613489 0.443244169921875 0.6023566919584955 0.4373499658203125 0.5958093365758754 0.4339206103515625 0.5926779928664072 0.43049125537109373 0.5864153054474708 0.4294195815429688 0.5837109630350195 0.42738340185546875 0.5814336219195849 0.423954046875 0.5835686290531777 0.41956018505859377 0.5891196478599222 0.41505915625 0.5953823352788586 0.41548782568359377 0.6003640188067445
9 0.251736111328125 0.7381431485084305 0.25312928662109374 0.7435518333333334 0.25880915625 0.748960518158236 0.2648105283203125 0.7503838566796368 0.2689900546875 0.7549385382619973 0.27284807958984375 0.7677485817120622 0.2729552470703125 0.7772849468223088 0.27338391650390625 0.7875329811932555 0.28217163916015625 0.7974963482490272 0.28870884765625 0.7974963482490272 0.30864197509765623 0.7193550856031128 0.3058556240234375 0.7079683806744488 0.30039008935546874 0.6975780123216602 0.291066529296875 0.6975780123216602 0.27220507568359376 0.6985743488975357 0.26416752392578124 0.7022750278858625 0.2613811728515625 0.7075413793774319 0.2590234912109375 0.7157967399481193 0.25516546630859377 0.7226287632944228 0.25248628271484375 0.7297454539559014 0.251736111328125 0.7381431485084305
2 0.847572228515625 0.2694070914396887 0.8491631665039062 0.27398525097276266 0.8543337153320313 0.2757460817120623 0.85393598046875 0.28613498249027236 0.8520798862304687 0.2965238839169909 0.85353824609375 0.3062084520103761 0.8511518393554688 0.3136039409857328 0.8506215263671875 0.32223201102464333 0.8519473081054687 0.32663408819714657 0.8561898095703125 0.3326209124513618 0.8617580927734375 0.33579040726329445 0.871436298828125 0.3384316536964981 0.8781977856445312 0.3393120687418936 0.882705443359375 0.33948815175097274 0.8865502099609375 0.3252254234760052 0.8884063041992187 0.31483652269779505 0.8907927114257812 0.30673670168612194 0.8911904458007812 0.29934121271076525 0.8926488056640625 0.2947630531776913 0.8988799794921875 0.29370655447470817 0.9002057612304688 0.2873675642023346 0.8980845107421875 0.27222442023346305 0.895565525390625 0.26306810116731516 0.8909252895507812 0.26042685538262 0.8856221625976562 0.26553326394293125 0.8812470834960937 0.27116792217898833 0.8750159091796875 0.2701114234760052 0.8685195791015625 0.26394851621271076 0.866133171875 0.257257359922179 0.8646748125 0.2510944526588845 0.8637467651367188 0.24616412645914396 0.8620232490234375 0.24457937937743193 0.858708794921875 0.24510762840466926 0.85367082421875 0.24739670817120624 0.8504889482421875 0.2558486952010376 0.8485002758789062 0.2625398521400778 0.847572228515625 0.2694070914396887
9 0.8209240166015624 0.2743374169909209 0.8223823764648438 0.2780351614785992 0.8214543295898438 0.2863110654993515 0.8211891733398438 0.295819551232166 0.8194656567382812 0.3046237049286641 0.8185376098632813 0.3120191932555123 0.8188027661132813 0.3185342671854734 0.8225149545898438 0.32082334695201037 0.8266248779296875 0.32135159597924773 0.8278180815429688 0.31818210051880674 0.8275529252929688 0.31061052918287935 0.8304696450195312 0.3118431102464332 0.8367008188476562 0.31413219001297016 0.8417387890625 0.31342785797665373 0.8446555087890625 0.30726495071335924 0.846644181640625 0.30391937224383914 0.8446555087890625 0.31747776848249026 0.8445229306640625 0.32469717444876783 0.8483676977539063 0.32575367250324255 0.8500912138671874 0.31818210051880674 0.8518147299804687 0.30726495071335924 0.8511518393554688 0.2979325479896239 0.85287535546875 0.28683931517509725 0.85287535546875 0.27979599221789886 0.8504889482421875 0.27697866342412447 0.846644181640625 0.2694070914396887 0.846644181640625 0.26113118741893643 0.847041916015625 0.2558486952010376 0.8435948833007813 0.25866602464332034 0.8402804291992187 0.25796169195849544 0.8378940224609375 0.25215095071335925 0.8313976918945313 0.24739670817120624 0.8270226123046875 0.2481010402075227 0.822912689453125 0.2537356984435798 0.8207914384765626 0.25937035667963687 0.8197308134765625 0.2683505927367056 0.8209240166015624 0.2743374169909209
2 0.7863211147460938 0.28666323216601813 0.7849953330078125 0.2930022224383917 0.7844650205078125 0.2974042989623865 0.786586271484375 0.30268679118028535 0.7916242416992187 0.30691278469520106 0.8001092446289062 0.312371359922179 0.8039540112304687 0.3125474429312581 0.8067381528320312 0.30163029247730216 0.8140299521484375 0.30339112321660183 0.8176095625 0.30515195395590144 0.8199959697265625 0.30092596044098574 0.8211891733398438 0.2863110654993515 0.8206588603515625 0.277682995460441 0.816681515625 0.26500501491569395 0.8101851850585937 0.25972252269779506 0.8017001826171875 0.256376944228275 0.7954690083007813 0.2590181906614786 0.7908287724609375 0.264300682230869 0.7883097875976562 0.27116792217898833 0.786586271484375 0.2783873281452659 0.7863211147460938 0.28666323216601813