2 0.5512097348632813 0.409092521484375 0.5545356181640625 0.40377110807291666 0.5540921669921876 0.410866326171875 0.5529835390625 0.42328295703125 0.5529835390625 0.43126507747395837 0.5642915424804688 0.4321519798177083 0.57449091796875 0.43067380924479165 0.5784819780273438 0.4256480299479167 0.5755995458984375 0.41559647135416666 0.5755995458984375 0.40347547395833333 0.576708173828125 0.3934239153645833 0.574934369140625 0.3801203821614583 0.5733822905273438 0.378937845703125 0.5713867602539062 0.38396362500000003 0.5673957001953125 0.39046757486979167 0.5645132680664062 0.38898940429687495 0.5600787568359376 0.38691996614583335 0.5563094223632813 0.38130291861979165 0.5501011069335937 0.3895806725260416 0.5443362421875 0.4043623763020833 0.54522314453125 0.40997942382812497 0.5512097348632813 0.409092521484375
7 0.539680005859375 0.49748711067708334 0.5450014189453125 0.5033997916666667 0.553426990234375 0.5184771295572916 0.5609656591796875 0.5217291048177083 0.5722736625976562 0.519659666015625 0.57626472265625 0.511381912109375 0.5789254291992187 0.5007390852864583 0.5789254291992187 0.49246133138020837 0.5789254291992187 0.4824097727864583 0.5764864482421875 0.46792370247395837 0.5718302114257813 0.4614197532552083 0.5687260537109375 0.4649673619791667 0.5587484038085937 0.46614989843750004 0.5514314599609375 0.46733243489583337 0.5492142045898437 0.4688106048177083 0.5443362421875 0.47235821419270835 0.5421189868164062 0.4832966744791667 0.5392365546875 0.48920935611979166 0.539680005859375 0.49748711067708334
2 0.581807861328125 0.472062580078125 0.5857989213867187 0.47117567773437496 0.5875727260742187 0.47679272526041666 0.5946679438476562 0.4788621634114583 0.6015414360351562 0.47590582291666667 0.6066411240234375 0.47117567773437496 0.6066411240234375 0.4608284850260416 0.60375869140625 0.45166382877604166 0.6002110825195313 0.45166382877604166 0.5953331206054687 0.45166382877604166 0.590455158203125 0.4454555130208333 0.5857989213867187 0.45166382877604166 0.5800340571289062 0.45905468033854163 0.5784819780273438 0.467628068359375 0.581807861328125 0.472062580078125
2 0.6077497514648438 0.4555070716145833 0.6110756352539063 0.44870748763020835 0.6139580673828124 0.44456861067708336 0.6203881083984375 0.4442729765625 0.6250443452148438 0.4436817083333333 0.62615297265625 0.43392578385416664 0.6259312475585938 0.428308736328125 0.6230488149414063 0.4229873229166667 0.6161753227539063 0.4206222506510417 0.6101887329101563 0.430969443359375 0.6026500639648438 0.4330388815104167 0.6028717895507812 0.44456861067708336 0.6077497514648438 0.4555070716145833
7 0.6325830141601563 0.44486424479166664 0.634356818359375 0.45225509700520833 0.64433446875 0.44959438997395834 0.6532034907226563 0.440134099609375 0.6551990209960937 0.42742183463541666 0.6563076484375 0.4153008372395834 0.6463299985351563 0.4221004212239583 0.64344756640625 0.421804787109375 0.6390130551757812 0.4135270325520833 0.6367957998046875 0.4096837897135417 0.6341350927734375 0.41589210546875005 0.6299223071289063 0.42446549348958335 0.627039875 0.43185634570312503 0.6325830141601563 0.44486424479166664
9 0.449215978515625 0.492165697265625 0.4503246064453125 0.5007390852864583 0.45830672607421874 0.5048779622395834 0.4700581806640625 0.5048779622395834 0.4720537109375 0.4960089401041667 0.47493614306640625 0.48773118554687495 0.478483751953125 0.4809316022135417 0.478483751953125 0.47235821419270835 0.4742709663085938 0.4631935572916666 0.4696147294921875 0.46289792317708334 0.4678409252929687 0.46526299609375 0.45963707958984373 0.4664455325520833 0.4563111962890625 0.4631935572916666 0.4554242939453125 0.45846341210937497 0.4496594296875 0.46408045963541666 0.4438945649414063 0.47561018880208333 0.44411629052734375 0.4850704791666667 0.449215978515625 0.492165697265625
5 0.5081949765625 0.5436060260416666 0.5148467431640625 0.5453798307291667 0.5248243935546875 0.5382846126302083 0.5303675322265625 0.5320762975260417 0.5283720024414063 0.5125644479166667 0.5248243935546875 0.4983740123697917 0.5206116079101563 0.49512203776041663 0.51418156640625 0.49896528059895834 0.509525330078125 0.5016259876302084 0.50730807421875 0.5019216217447916 0.501764935546875 0.5093124733072917 0.500878033203125 0.518772763671875 0.5035387397460938 0.532371931640625 0.5081949765625 0.5436060260416666
7 0.5181726264648437 0.49453076953124997 0.5277068256835937 0.5090168391927083 0.5283720024414063 0.51729459375 0.5350237690429688 0.5134513502604167 0.5336934155273437 0.5036954257812499 0.5325847880859375 0.4859573815104166 0.5323630625 0.47590582291666667 0.5288154536132813 0.4667411666666667 0.5210550590820312 0.46733243489583337 0.5181726264648437 0.47117567773437496 0.5126294877929688 0.4741320182291667 0.5168422734375 0.48359230859374996 0.5181726264648437 0.49453076953124997
9 0.4883355576171875 0.3334754505208333 0.4893782670898438 0.339499994140625 0.49320153466796873 0.34181712565104166 0.4977199423828125 0.3408902727864583 0.49737237255859373 0.3351746809895833 0.49748822900390627 0.32636957942708333 0.49818336865234375 0.32096293815104165 0.49459181396484375 0.3126212630208333 0.4903051201171875 0.316946576171875 0.48949412353515626 0.32158083984375 0.4883355576171875 0.3260606282552083 0.4883355576171875 0.3334754505208333
2 0.4831220107421875 0.335638107421875 0.4859025693359375 0.339963419921875 0.4883355576171875 0.337800763671875 0.4893782670898438 0.32683300585937497 0.4903051201171875 0.3157107727864583 0.488219701171875 0.3121578365885417 0.488219701171875 0.30520644075520836 0.488219701171875 0.30072665234375 0.48393300732421873 0.30536091666666665 0.48323786767578125 0.3135481158854167 0.48323786767578125 0.32358902083333335 0.4831220107421875 0.335638107421875
9 0.01035716455078125 0.44095366796875 0.012276580078125 0.45810044401041666 0.018802591796875 0.45784452213541665 0.024752779296875 0.45349384765625 0.024560837890625 0.44530434244791667 0.024560837890625 0.432252318359375 0.024752779296875 0.4238068912760417 0.0262883115234375 0.412802244140625 0.02206559814453125 0.406660115234375 0.01611541064453125 0.406660115234375 0.0136201708984375 0.4084515690104167 0.00843774951171875 0.4125463216145833 0.00805386669921875 0.4186884505208333 0.009205515625 0.4261101901041667 0.01035716455078125 0.44095366796875
9 0.05331934521484375 0.4623020455729167 0.056527681640625 0.46797010677083334 0.05781101611328125 0.4698951087239583 0.06053810205078125 0.46732843945312497 0.0623026875 0.4600562102864583 0.06414748095703125 0.45449509309895836 0.06358602197265625 0.44690202994791667 0.06085893603515625 0.441554802734375 0.057891224609375 0.4370631315104167 0.05347976171875 0.4347103515625 0.0519558017578125 0.43866729947916666 0.0519558017578125 0.4451909173177084 0.05211621875 0.45246314713541663 0.05331934521484375 0.4623020455729167
1 0.084412419921875 0.3893194921875 0.08595949755859375 0.3966681106770833 0.09166434619140625 0.3944764173177084 0.093211423828125 0.3886748763020833 0.0930180390625 0.3809394889322917 0.09060072998046875 0.37139917708333336 0.089440421875 0.3668868671875 0.0869264208984375 0.3617299420572917 0.08644295947265625 0.36327701953125 0.08528265087890625 0.3671447135416666 0.08344549658203125 0.3710124075520833 0.08334880419921875 0.3800370266927083 0.084412419921875 0.3893194921875
9 0.09388827001953125 0.3869988756510417 0.09417834716796875 0.3952499563802083 0.0951452705078125 0.4004068815104167 0.09930304150390624 0.40014903515625 0.10268727392578125 0.39615241796874995 0.10384758203125 0.39408964778645833 0.10210711962890626 0.3832601048177083 0.10181704248046874 0.3786188723958333 0.1009468115234375 0.3720437923177083 0.0986261953125 0.3688207141927083 0.09707911767578126 0.36869179101562505 0.09543534765625 0.37281733138020834 0.09359819287109375 0.37526687109374995 0.09359819287109375 0.37887671875 0.09388827001953125 0.3869988756510417
2 0.414319302734375 0.52346598046875 0.41977606201171874 0.523721267578125 0.41891446875 0.5184878841145834 0.42379683251953126 0.5137650748697916 0.4250413564453125 0.5050853170572916 0.42236084326171874 0.492831541015625 0.4183400727539062 0.49270389778645834 0.412404650390625 0.4923209674479167 0.410681462890625 0.49704377669270833 0.408766810546875 0.5045747428385416 0.410681462890625 0.5158073704427083 0.414319302734375 0.52346598046875
2 0.43029288134765625 0.54636196484375 0.44079984228515623 0.5531477102864583 0.4422773837890625 0.5656247265625 0.44424743896484375 0.56737588671875 0.443098240234375 0.5443919095052083 0.4554110849609375 0.5308204186197917 0.46460467578125 0.5290692584635417 0.46312713427734375 0.5200945625 0.45426188623046876 0.51834340234375 0.447202521484375 0.51834340234375 0.44112818505859375 0.522721302734375 0.43554636181640627 0.52885036328125 0.4258602573242187 0.53410384375 0.43029288134765625 0.54636196484375