9 0.10630217431640625 0.4475679539559014 0.1055148232421875 0.43920221271076526 0.1075619375 0.4383656374837873 0.108979171875 0.44652223670557717 0.10990368017578125 0.4565499351491569 0.110611283203125 0.4565499351491569 0.11449063525390625 0.455306266536965 0.1162109375 0.45273585408560313 0.1162109375 0.4479326290531777 0.1154354580078125 0.44443080090791176 0.11102628662109375 0.43418276653696497 0.10693205615234375 0.4243530194552529 0.10441252978515625 0.4203792918287938 0.09984588818359375 0.42247072697795074 0.0995309482421875 0.42979075226977953 0.1022079443359375 0.4387839254215305 0.10630217431640625 0.4475679539559014
9 0.12681423046875 0.4381630298313878 0.12586940869140625 0.4293790006485085 0.12366482275390625 0.4212224014267186 0.1192556513671875 0.41160179766536964 0.11633584765625 0.41115434500648507 0.11515865576171876 0.41115434500648507 0.115003951171875 0.4212224014267186 0.115003951171875 0.42728756485084307 0.11453153955078126 0.43188872308690013 0.11705106591796875 0.44046360894941633 0.12003477978515625 0.44422827496757455 0.1205152919921875 0.44422827496757455 0.12618434912109375 0.44046360894941633 0.12681423046875 0.4381630298313878
7 0.15464140283203126 0.4246818080415045 0.15668851806640624 0.4336749811932555 0.16282986328125 0.4322109753566797 0.1662942119140625 0.4320018320363165 0.16653237890625 0.4357976653696498 0.17014047216796874 0.4357976653696498 0.17041015625 0.43508130674448764 0.17041015625 0.4296756964980545 0.168971208984375 0.42070808041504537 0.16660915283203126 0.40920518417639434 0.161885041015625 0.4018851595330739 0.15983792626953125 0.401257728923476 0.1571609296875 0.40627717380025946 0.15495634423828125 0.40774117963683526 0.15495634423828125 0.41589777756160834 0.15464140283203126 0.4246818080415045
9 0.2353515625 0.3213643579766537 0.2353515625 0.3219102996108949 0.2370345888671875 0.33166435149156936 0.2379794111328125 0.33877523281452654 0.2409612705078125 0.3411154345006485 0.24213616357421874 0.3411154345006485 0.24658203125 0.3386840635538262 0.24658203125 0.33465044682230866 0.24632534228515626 0.3299912029831388 0.24522304931640626 0.32267117833981845 0.2460104013671875 0.319743168612192 0.2450655791015625 0.31451457976653696 0.24270352294921874 0.31200485667963684 0.2389242333984375 0.3122140006485084 0.2360897666015625 0.31744258949416343 0.2353515625 0.3213643579766537
9 0.2579406572265625 0.35862516212710766 0.2586285107421875 0.35862516212710766 0.2595611591796875 0.34334796108949417 0.262868037109375 0.3429296738002594 0.2620806850585938 0.357360579766537 0.26379453955078125 0.35862516212710766 0.26546447216796876 0.35862516212710766 0.2666015625 0.35691357782101163 0.2666015625 0.3501045531776913 0.26554503369140625 0.34104738197146567 0.26271056689453126 0.32661647600518806 0.26003356982421877 0.3245250408560311 0.25672669189453123 0.32891705577172503 0.255781869140625 0.3379102282749676 0.25609681005859375 0.35129541634241246 0.255781869140625 0.3579880103761349 0.2579406572265625 0.35862516212710766
9 0.279696056640625 0.3469520103761349 0.2809224462890625 0.3469520103761349 0.28334124951171874 0.3466460557717251 0.28349872021484374 0.33096028923476 0.28564453125 0.33032696692607005 0.28564453125 0.3266481018158236 0.2847584833984375 0.32217625940337224 0.28082172314453124 0.3198756802853437 0.28034931201171875 0.3303328579766537 0.27893207861328123 0.33388829896238653 0.27546772998046876 0.3269865609597925 0.27531025927734376 0.33514316018158236 0.2768849633789062 0.34601862516212706 0.279696056640625 0.3469520103761349
5 0.3671875 0.22304425356679636 0.3671875 0.22112284435797666 0.36669952587890625 0.21907052594033724 0.36386505908203126 0.21676994682230868 0.3607156508789062 0.21907052594033724 0.36134553271484376 0.22827284306095977 0.3626052265625 0.22892347600518806 0.36417999951171875 0.22892347600518806 0.36417999951171875 0.22304425356679636 0.3671875 0.22304425356679636
9 0.49504958544921873 0.25971116407263295 0.49987922021484377 0.261348897535668 0.5065390493164063 0.261348897535668 0.5044978090820312 0.24904484241245137 0.5078125 0.24732216796368353 0.5078125 0.24625608236057067 0.5052851611328125 0.23879680804150452 0.5013484013671875 0.23503222373540855 0.49599440771484377 0.23440479312581064 0.488593298828125 0.24193396173800258 0.4903254736328125 0.2452802587548638 0.49347488134765627 0.24423454085603113 0.4941047626953125 0.25239113942931257 0.49504958544921873 0.25971116407263295
7 0.5747744248046875 0.2490272373540856 0.5740089946289062 0.23764129053177693 0.5771484375 0.23843550713359274 0.5771484375 0.2377905123216602 0.5755836987304688 0.23136698378728926 0.5710170571289063 0.2282298300907912 0.568340060546875 0.22676582555123218 0.564453125 0.22697232166018155 0.564453125 0.22836461932555122 0.56519065234375 0.24893504280155643 0.56730783984375 0.2490272373540856 0.5747744248046875 0.2490272373540856
9 0.5818386264648437 0.3384959520103762 0.5845806655273438 0.3476005188067445 0.5861585375976562 0.3476005188067445 0.5917592612304687 0.346443406614786 0.591796875 0.34519449351491566 0.591796875 0.32886516666666665 0.591601791015625 0.32385590207522696 0.589397205078125 0.31632673411154344 0.5862477973632813 0.314862728923476 0.5805788627929688 0.31632673411154344 0.578216806640625 0.3274113430609598 0.5842006821289063 0.3284570603112841 0.5848305639648438 0.3338947931258106 0.5818386264648437 0.3384959520103762
9 0.46167668798828126 0.40584320103761345 0.46417601171875 0.41115434500648507 0.465298884765625 0.41115434500648507 0.466796875 0.406777337224384 0.466796875 0.37360299740596625 0.46482609619140625 0.37133451361867703 0.45978704345703125 0.36610592477302206 0.455062931640625 0.3715436575875486 0.4538031684570312 0.383464840466926 0.45427557958984377 0.38806599870298314 0.45978704345703125 0.3866019935149157 0.4594721025390625 0.39517688002594037 0.46167668798828126 0.40584320103761345
9 0.5007953793945312 0.4659776939040207 0.49433909375 0.47204285667963686 0.4948115048828125 0.4783171634241245 0.49796091259765624 0.4804085992217899 0.5036298471679688 0.47873545071335927 0.5045746694335937 0.4871011932555123 0.5075666069335938 0.49463036121919585 0.5048896103515625 0.4948395058365759 0.5044171987304688 0.49881323346303497 0.508353958984375 0.5063424007782101 0.5131189936523437 0.5090791180285343 0.5165772104492188 0.5090791180285343 0.5215814721679688 0.5078064066147859 0.527092935546875 0.502368673151751 0.529296875 0.4919406971465629 0.529296875 0.4887289922178988 0.5280377583007813 0.4818726044098573 0.5261481137695313 0.4682782730220493 0.5234711166992188 0.45949424319066146 0.5198492973632812 0.4559388028534371 0.5151251860351562 0.45719366472114137 0.5110309555664062 0.4611673916990921 0.5055194916992187 0.4622131095979248 0.5007953793945312 0.4659776939040207
9 0.41413754443359374 0.5078602036316472 0.41854671533203125 0.5162259461738002 0.42405817919921873 0.5220819656290532 0.42972711328125 0.5306568514915694 0.4344399921875 0.5350194552529183 0.4348929921875 0.5350194552529183 0.43445122509765627 0.5285654163424124 0.4322466396484375 0.5170625207522698 0.43854545556640623 0.5187356692607004 0.439647748046875 0.5302385648508431 0.44079964404296873 0.5350194552529183 0.44107230859375 0.5350194552529183 0.44384765625 0.5274797762645914 0.44384765625 0.510668429312581 0.43980521875 0.49782131322957196 0.43082940673828124 0.48610927367055773 0.42642023486328123 0.4946841595330739 0.42153865283203124 0.4986578871595331 0.41760189306640627 0.49405672892347596 0.41476742578125 0.49238358041504543 0.413822603515625 0.4984487438391699 0.41413754443359374 0.5078602036316472
2 0.4507756171875 0.6024643320363164 0.45751774755859376 0.5980911893644617 0.462890625 0.5939285447470817 0.462890625 0.5921544332036316 0.46098209619140623 0.5821962788586251 0.45562810302734374 0.578849981841764 0.450431580078125 0.5817779915693905 0.44873046875 0.5869128158236057 0.44873046875 0.5876529364461738 0.44917181689453123 0.5968363281452659 0.45074125732421877 0.6024643320363164 0.4507756171875 0.6024643320363164
2 0.4216012104492188 0.60048367769131 0.41750698046875 0.5975556673151751 0.4129403388671875 0.6025751128404669 0.4138851611328125 0.6115682859922179 0.41514492431640626 0.6155420136186771 0.4219161513671875 0.6113591426718546 0.42065638818359374 0.6211888897535668 0.421931859375 0.6264591439688716 0.4227743408203125 0.6264591439688716 0.44873046875 0.6047611115434501 0.44873046875 0.5932814591439689 0.4452217700195312 0.5839613359273671 0.4428597138671875 0.583124761997406 0.442387302734375 0.5933727963683528 0.4439620068359375 0.6029934001297017 0.4408125991210938 0.6080128456549935 0.43372643115234377 0.6119865732814527 0.42522302978515625 0.6082219889753566 0.4216012104492188 0.60048367769131
9 0.25335811767578126 0.7464394124513618 0.26044428564453126 0.7508314273670559 0.26784539404296875 0.754177724383917 0.27304191748046874 0.7637983281452658 0.27351432861328123 0.7778109461738003 0.27477409130859376 0.7911961342412451 0.2868774892578125 0.7976653696498055 0.2878081484375 0.7976653696498055 0.3095703125 0.7201884254215305 0.3095703125 0.7145130058365758 0.30705552294921873 0.7054472743190661 0.299811884765625 0.6972906757457847 0.27367179931640623 0.6983363936446173 0.25902705224609374 0.7079569974059663 0.26107416748046874 0.7171593138780804 0.25446041064453123 0.7221787594033723 0.25068112109375 0.7372370959792478 0.25335811767578126 0.7464394124513618
2 0.9040086298828125 0.34191553047989626 0.9060557446289063 0.34526182749675743 0.9106223862304688 0.34191553047989626 0.9137717939453125 0.3467258320363165 0.9128269716796875 0.3544641439688716 0.9180234946289062 0.358019584306096 0.9236924287109375 0.3586470155642023 0.9195981987304688 0.3657578962386511 0.9227476064453125 0.37119562970168607 0.9258970151367187 0.37746993644617377 0.9271567778320312 0.3843716738002594 0.9293275922851563 0.38975356679636836 0.9298343071289062 0.38975356679636836 0.9355027084960937 0.3812345201037613 0.9365234375 0.37211451556420233 0.9365234375 0.35715927950713355 0.9356601791992187 0.3467258320363165 0.9307785971679687 0.3299943476005188 0.9258970151367187 0.32351089688715956 0.9222751953125 0.32309260959792474 0.9167637319335937 0.32894863035019456 0.90952009375 0.32832119909208823 0.9074729780273437 0.3394058080415045 0.9040086298828125 0.34191553047989626
2 0.8241604672851562 0.3146350006485084 0.8192788852539062 0.3276019014267185 0.8241604672851562 0.32906590596627755 0.8284121684570313 0.3342944948119326 0.8295144604492187 0.3315756290531777 0.8301443427734375 0.3466339649805448 0.8262075830078125 0.3637837373540856 0.817704181640625 0.3819792269779507 0.832213693359375 0.38715953307393 0.8323484619140625 0.38715953307393 0.8321914575195313 0.37089461802853435 0.8402224482421875 0.349980261997406 0.8473086157226563 0.3374316485084306 0.8528200795898437 0.3380590791180285 0.8575441909179687 0.3460065343709468 0.8624257739257812 0.3556271381322957 0.8671875 0.3532781258106355 0.8671875 0.34951363294422827 0.864472888671875 0.33722250518806746 0.8602211884765625 0.3365950745784695 0.8539223720703125 0.32843847535667964 0.850300552734375 0.31442585667963685 0.8425845034179688 0.30731497600518803 0.8391201547851562 0.3062692581063554 0.830459283203125 0.3110795596627756 0.8241604672851562 0.3146350006485084