1 0.07205022998046876 0.3926770440985733 0.0753441748046875 0.40142671854734113 0.07816693310546875 0.40142671854734113 0.08019494873046876 0.40083751556420233 0.08203125 0.3994255356679637 0.08203125 0.39578404409857326 0.0794805 0.38717346952010373 0.0796233896484375 0.3826187879377432 0.077765822265625 0.3771152140077821 0.07476513623046875 0.372940088845655 0.07262178955078125 0.37199119649805445 0.07062133203125 0.3725605317769131 0.069621103515625 0.38223923086900136 0.07205022998046876 0.3926770440985733
9 0.10387524951171875 0.4456493891050584 0.1053041474609375 0.4488756212710765 0.10558992724609376 0.43995603631647207 0.10759038427734376 0.43824803047989624 0.1090192822265625 0.44754717250324255 0.1104607783203125 0.45590142671854733 0.11324427978515625 0.45590142671854733 0.11459198486328125 0.45551786640726327 0.11669921875 0.4525858813229572 0.11669921875 0.44829876783398187 0.114306205078125 0.44014581452658885 0.10987662109375 0.4310364513618677 0.10573281689453125 0.42002930285343715 0.1023034619140625 0.4205986374837873 0.0998743349609375 0.42002930285343715 0.09930277587890625 0.43046711543450067 0.10130323291015625 0.43881736575875485 0.10387524951171875 0.4456493891050584
9 0.10546581494140625 0.40198268547341115 0.10546581494140625 0.4020525739299611 0.10788601123046875 0.4086703981841764 0.1083146806640625 0.4149330862516213 0.109457798828125 0.41967754669260704 0.1097435791015625 0.42973580220492863 0.11209324462890626 0.43060959792477305 0.11279296875 0.43060959792477305 0.11279296875 0.42679848443579765 0.1123155947265625 0.4229037795071336 0.1103151376953125 0.4147433073929961 0.11131536669921875 0.40772150648508426 0.11131536669921875 0.40050992671854735 0.112601375 0.396524579766537 0.10717156201171875 0.3932983469520104 0.10546581494140625 0.40198268547341115
9 0.11566600244140625 0.4250692542153048 0.1132368759765625 0.42468969714656296 0.11834607080078124 0.44357976653696496 0.1237198994140625 0.44357976653696496 0.12646484375 0.43895255188067445 0.12646484375 0.4339724630350194 0.1235249423828125 0.42298169130998703 0.12081003564453124 0.43171149870298314 0.118523798828125 0.4277261517509727 0.12252471337890625 0.4226021348897536 0.12223893408203125 0.4191861232166018 0.1196669169921875 0.4131132140077821 0.11638045166015624 0.4119745434500648 0.11566600244140625 0.4250692542153048
7 0.12618408740234374 0.4264661271076524 0.12789876513671875 0.43614482619974054 0.12935564892578125 0.440337224383917 0.13193358740234376 0.440337224383917 0.1373294921875 0.4386119455252918 0.1436166435546875 0.43386748508430606 0.1481891171875 0.43614482619974054 0.150390625 0.43424427626459144 0.150390625 0.4310627684824903 0.14961801513671874 0.4279843547341115 0.1436166435546875 0.41735676329442284 0.1384726103515625 0.40881673476005187 0.13404302685546876 0.40767806355382624 0.12989922216796876 0.4086269559014267 0.1276129853515625 0.4107145188067445 0.1256125283203125 0.4164078702983139 0.12618408740234374 0.4264661271076524
7 0.15085021728515624 0.40118704928664073 0.155708470703125 0.4065008443579766 0.157157986328125 0.41245136186770426 0.15816210009765624 0.41245136186770426 0.16428185888671876 0.4089679643320363 0.166015625 0.4043625778210117 0.166015625 0.39691190856031133 0.16499630810546875 0.39055945784695206 0.1629958505859375 0.38012164461738 0.15985227490234374 0.3782238605706874 0.1555655810546875 0.3842967697795071 0.15370801318359376 0.39853015110246437 0.14984998876953126 0.3934061342412451 0.1484210908203125 0.39625280998702983 0.15085021728515624 0.40118704928664073
9 0.1178211259765625 0.3373600460440986 0.11753287158203125 0.3456549935149157 0.12333458740234375 0.3456549935149157 0.1259765625 0.34522179247730217 0.1259765625 0.34406159987029833 0.1236081630859375 0.3309550246433204 0.124144 0.3295316861219196 0.12167915087890625 0.32483467055771725 0.1198573056640625 0.3310973579766537 0.11621361572265625 0.32696967769131 0.11449893798828124 0.3336593670557717 0.11524910986328125 0.3383563826199741 0.1178211259765625 0.3373600460440986
9 0.24521062109375 0.3352788586251621 0.248114189453125 0.3347004046692607 0.24843569189453124 0.31975535538261995 0.250150369140625 0.31947068741893647 0.2506862060546875 0.3302880570687419 0.2500432021484375 0.335127406614786 0.25390625 0.33249272762645915 0.25390625 0.3317152613488975 0.251543544921875 0.3153430064850843 0.2486500263671875 0.3072299792477302 0.24586367529296874 0.3048103047989624 0.24329165869140626 0.3089379850843061 0.24169921875 0.31020698054474705 0.24169921875 0.31039712840466926 0.2438041845703125 0.3352788586251621 0.24521062109375 0.3352788586251621
9 0.2640938110351562 0.3521400778210117 0.2734375 0.34817406679636836 0.2734375 0.3478281348897536 0.26783147607421876 0.3239459740596628 0.2669741372070312 0.32280730350194553 0.2640806186523437 0.3181102879377432 0.2621516064453125 0.31754095265888455 0.26032976123046875 0.3226649701686122 0.2624731083984375 0.33803702140077824 0.263097732421875 0.3521400778210117 0.2640938110351562 0.3521400778210117
9 0.28344213525390627 0.3326848249027237 0.2842763056640625 0.32659138002594035 0.2841691376953125 0.3208980278858625 0.28641965234375 0.3204710259403372 0.286741154296875 0.3263067127107652 0.286098150390625 0.3315730642023346 0.2890625 0.32697979507133595 0.2890625 0.32473649935149157 0.287812828125 0.3154893430609598 0.2858838154296875 0.30894198832684827 0.2821329580078125 0.30652231258106355 0.2811684521484375 0.31620101167315173 0.27934660693359376 0.32232136575875486 0.27956094189453123 0.3310037282749676 0.2830660869140625 0.3326848249027237 0.28344213525390627 0.3326848249027237
9 0.2983374150390625 0.3398184176394293 0.30238922021484377 0.3398184176394293 0.3027511201171875 0.3336900570687419 0.30200094873046873 0.32472302658884566 0.3044657978515625 0.3242960252918288 0.30489446728515623 0.332693719844358 0.3046169985351562 0.3398184176394293 0.30627558544921873 0.3398184176394293 0.3076171875 0.33892749610894946 0.3076171875 0.3339402451361868 0.30714498193359374 0.32813903826199736 0.305001634765625 0.31774866990920886 0.30339412451171877 0.31376332295719844 0.3017866142578125 0.3124823190661479 0.2983572587890625 0.31860267250324253 0.2986787607421875 0.3251500278858625 0.29814292431640627 0.3301317114137484 0.2983374150390625 0.3398184176394293
7 0.39069750537109377 0.23021826913099872 0.392578125 0.22987766861219194 0.392578125 0.22865077367055772 0.39037600341796874 0.2233862457846952 0.387160982421875 0.22267457717250325 0.38351729248046873 0.22395558106355382 0.38491046826171876 0.2312146057068742 0.3854289091796875 0.23865110246433205 0.391983513671875 0.23865110246433205 0.391983513671875 0.2337766141374838 0.39069750537109377 0.23021826913099872
7 0.4404092587890625 0.24014627431906616 0.44201676904296877 0.23914993774319065 0.4448031201171875 0.23288725032425422 0.44812530810546874 0.23302958365758755 0.44576762646484375 0.23843826848249028 0.4432700029296875 0.24124513618677043 0.4445867294921875 0.24124513618677043 0.44791097314453127 0.24057327561608302 0.44921875 0.24066012127107653 0.44921875 0.2324540739299611 0.44908981396484376 0.23117924448767832 0.44876831201171874 0.2257705596627756 0.446303462890625 0.22278154928664073 0.44180243408203124 0.22135821141374837 0.43944475244140624 0.22591289299610895 0.4383730791015625 0.23004057392996108 0.43976625439453126 0.2307522438391699 0.4404092587890625 0.24014627431906616
9 0.49963673974609374 0.26264591439688717 0.5028417866210938 0.26264591439688717 0.5063694243164063 0.2614516439688716 0.5046547465820312 0.2519152782101167 0.5039045751953125 0.249780271076524 0.50732421875 0.24937952594033722 0.50732421875 0.24828829636835278 0.5055120854492188 0.23967457068741893 0.5028329018554687 0.23682789429312578 0.496938697265625 0.2349775544747082 0.48890114599609374 0.2413825765239948 0.49125882763671874 0.24607959208819713 0.4934021748046875 0.24465625421530482 0.494581015625 0.2600283054474708 0.49963673974609374 0.26264591439688717
7 0.57927317578125 0.248378728923476 0.57771073046875 0.2382623534370947 0.5793182407226563 0.23940102399481195 0.5810546875 0.23806582490272374 0.5810546875 0.2369064766536965 0.5791039067382813 0.230860995460441 0.5747100444335937 0.2278719850843061 0.571923693359375 0.22616397924773024 0.5678513344726562 0.2268756485084306 0.5666724936523437 0.23342300389105058 0.567958501953125 0.2479410525291829 0.57148457421875 0.248378728923476 0.57927317578125 0.248378728923476
9 0.47846237646484374 0.43764644811932557 0.4734255112304688 0.4367924448767834 0.4656022939453125 0.4530184993514916 0.470210490234375 0.457288513618677 0.469245984375 0.4792079208819715 0.46667396728515625 0.4924449656290532 0.47471151904296877 0.500700326848249 0.48034354150390624 0.5025940337224384 0.4838758662109375 0.5025940337224384 0.48703576416015626 0.49828065175097275 0.486499927734375 0.4925872989623865 0.4826419033203125 0.4873209481193255 0.4814630625 0.4776422490272374 0.4901436181640625 0.4772152477302205 0.48960778125 0.45856951815823604 0.4836064091796875 0.44675581193255515 0.47846237646484374 0.43764644811932557
9 0.516062041015625 0.45767548378728923 0.5144545307617188 0.4606644935149157 0.5062026450195313 0.46279950000000003 0.49945110205078125 0.46963152334630354 0.49580741162109376 0.475182542153048 0.4990224326171875 0.4820145648508431 0.5029876245117187 0.4815875642023346 0.50363062890625 0.4797372237354086 0.5075958208007812 0.49639028080415043 0.5051309711914063 0.4958209455252918 0.5060954775390625 0.5037916381322958 0.5112395102539062 0.5020836329442282 0.5146688657226562 0.50877332230869 0.5156128603515625 0.5090791180285343 0.5208906640625 0.5090791180285343 0.5258142705078125 0.5060689792477302 0.5302081318359375 0.49183559857328146 0.5299937973632812 0.4887042548638132 0.5282791201171875 0.48543057717250326 0.5268859443359375 0.4729052010376135 0.523349421875 0.4581024844357977 0.518955560546875 0.4563944792477302 0.516062041015625 0.45767548378728923
2 0.41611760107421875 0.5948210064850843 0.4100090615234375 0.6027916997405967 0.414402923828125 0.6137514033722439 0.42008279345703126 0.6110470609597924 0.42072579736328125 0.6275577833981842 0.43551489208984373 0.6163134124513618 0.44677734375 0.6072316653696498 0.44677734375 0.5870304332036317 0.4464459619140625 0.5825802989623865 0.44098042724609376 0.5831496342412451 0.44301660693359374 0.5918319967574578 0.44183776611328124 0.602222364461738 0.43605072900390623 0.6083427185473411 0.4315496997070313 0.6090543878080416 0.422547642578125 0.6042150382619974 0.41611760107421875 0.5948210064850843
2 0.4619140625 0.594144195849546 0.4619140625 0.5878657334630351 0.461211111328125 0.5835710752269779 0.4592820986328125 0.5791587269779508 0.45295922509765624 0.5815784014267186 0.44985137158203126 0.5862754176394294 0.4491011997070313 0.6006511322957198 0.449551541015625 0.6037613488975356 0.450347205078125 0.6037613488975356 0.4619140625 0.594144195849546
9 0.38478705810546876 0.6962338469520104 0.3883235810546875 0.7171569176394292 0.39603963037109374 0.7195765927367055 0.39014542578125 0.7271202840466926 0.3927758310546875 0.7431906614785992 0.39330098876953123 0.7431906614785992 0.4076137041015625 0.7342369747081712 0.4134007412109375 0.7234196050583658 0.4150390625 0.7036549208819716 0.4150390625 0.6778405265888456 0.4143652475585938 0.6673400830090791 0.408149541015625 0.6596540577172503 0.39829014453125 0.6531067023346304 0.392503107421875 0.6580883852140078 0.381357703125 0.6680517522697795 0.37685667431640624 0.678157453307393 0.378035515625 0.6845624753566796 0.38478705810546876 0.6962338469520104
9 0.26302200537109377 0.7469847464332036 0.2676302021484375 0.7541014370946821 0.276525091796875 0.7627837996108949 0.2739530756835937 0.7800061906614786 0.2757749208984375 0.7906812269779507 0.2878614814453125 0.7989623865110247 0.2896274389648438 0.7989623865110247 0.31787109375 0.7205164377431906 0.31787109375 0.7168920395590143 0.311247314453125 0.7041422697795071 0.3040671015625 0.6975949137483787 0.29549371337890623 0.698733584306096 0.282740798828125 0.7049962730220493 0.2734172387695312 0.7131093002594033 0.2652725200195313 0.7220763300907912 0.2587353115234375 0.7333207003891051 0.26302200537109377 0.7469847464332036
9 0.2682606474609375 0.6287329260700389 0.2648312919921875 0.6331452743190662 0.265045626953125 0.6509370006485085 0.2712613330078125 0.6650280479896239 0.28530025634765627 0.6668783878080414 0.29194463232421874 0.6634623761348898 0.29548115478515624 0.6715754033722439 0.3073499453125 0.6731517509727627 0.31298828125 0.6731517509727627 0.31298828125 0.6714757697795072 0.309520078125 0.6591923618677042 0.30769823291015624 0.6468093197146563 0.3072695634765625 0.639692629701686 0.31298828125 0.6306568553826201 0.31298828125 0.6288072295719844 0.3049118818359375 0.6115105343709468 0.2997678491210938 0.6075251880674449 0.2950524853515625 0.6073828540856031 0.29258763623046874 0.6166345518806744 0.28905111376953124 0.6247475791180286 0.2822995703125 0.6247475791180286 0.2743691865234375 0.6211892341115435 0.2682606474609375 0.6287329260700389
2 0.8105477119140625 0.3844794319066148 0.8126910595703125 0.38391009662775616 0.8137627329101562 0.3950121342412451 0.8081900302734375 0.40526016861219194 0.8099047084960938 0.42262489364461736 0.8167634184570313 0.3927347931258106 0.8235149619140625 0.3831984273670558 0.831445345703125 0.38903411413748384 0.8374467177734375 0.4041214980544747 0.8413047426757813 0.41949354993514915 0.84190964453125 0.42477302204928663 0.8421086118164063 0.42477302204928663 0.843019419921875 0.4032674948119326 0.84344808984375 0.38917644747081714 0.85107421875 0.3845848119325551 0.85107421875 0.3819138080415046 0.8490207919921875 0.3698190492866407 0.8436624243164063 0.3524543242542153 0.83251701953125 0.34590696887159533 0.8226576235351563 0.34476829831387806 0.81547741015625 0.34846897730220494 0.8048678427734375 0.3555856679636835 0.8076541938476562 0.3740890635538262 0.8105477119140625 0.3844794319066148
9 0.8454258291015625 0.32206494357976656 0.841889306640625 0.3310319740596628 0.8410319677734375 0.31494825291828793 0.8429609799804687 0.30256521141374837 0.8374954453125 0.30882789948119327 0.8351377631835938 0.320783939688716 0.839853126953125 0.3334516478599222 0.8449971596679687 0.34498068677042804 0.8511056987304687 0.3617760771725032 0.8569999033203125 0.35921406874189366 0.8678478369140625 0.36770428015564205 0.8690611284179688 0.36770428015564205 0.8701171875 0.35138311802853434 0.8701171875 0.34938592023346304 0.8684668100585937 0.32363061543450067 0.8631084423828125 0.3183642645914397 0.85721423828125 0.3311743080415045 0.8530347114257812 0.3446960201037613 0.8504626948242188 0.3397143365758755 0.8484265151367187 0.33074730609597924 0.8482121806640625 0.3170832607003891 0.8454258291015625 0.32206494357976656
2 0.9146839033203125 0.34631217509727624 0.9155412421875 0.359833887159533 0.9223999526367187 0.36709291180285347 0.929236865234375 0.3865110246433204 0.9294936958007812 0.3865110246433204 0.9348313657226562 0.37122059208819713 0.93505859375 0.36114073865110247 0.93505859375 0.34362532944228275 0.9340811938476562 0.3315094591439689 0.9318306796875 0.32168842477302206 0.9279726547851562 0.3182724143968872 0.9259364750976562 0.3172760771725032 0.9183275932617188 0.32652777561608304 0.9160770786132812 0.33179412710765244 0.920578107421875 0.34431950129701683 0.9146839033203125 0.34631217509727624