9 0.10534769482421875 0.43941062062256814 0.1073948095703125 0.43857404604409855 0.10881204345703124 0.44673064526588846 0.10975686572265625 0.45697867963683525 0.11432350732421875 0.45551467444876786 0.11684303369140625 0.45175009014267187 0.11526832958984375 0.44463920946822305 0.11085915869140625 0.43439117509727626 0.10676492822265625 0.42456142736705577 0.10424540185546875 0.4205876997405966 0.09967876025390625 0.422679135538262 0.09936381982421875 0.4299991601815824 0.10204081640625 0.4389923333333334 0.10613504638671875 0.44777636251621267 0.10534769482421875 0.43941062062256814
9 0.11700050390625 0.44045633787289235 0.12014991162109374 0.4444300661478599 0.12613378662109376 0.44045633787289235 0.12676366845703124 0.4381557587548638 0.12581884619140624 0.4293717295719845 0.1236142607421875 0.42121513035019453 0.11920508935546875 0.41159452658884566 0.115110859375 0.41096709597924774 0.114953388671875 0.42121513035019453 0.114953388671875 0.4272802937743191 0.1144809775390625 0.4318814520103761 0.11700050390625 0.44045633787289235
7 0.15479339892578126 0.4247705713359274 0.15684051416015626 0.43376374448767835 0.162981859375 0.43229973929961085 0.1664462080078125 0.4320905959792477 0.16676114892578126 0.4371100415045396 0.17006802734375 0.4364826102464332 0.17117031982421874 0.43355460051880673 0.169123205078125 0.42079684370946824 0.16676114892578126 0.4092939474708171 0.162037037109375 0.4019739228274968 0.159989921875 0.40134649221789886 0.15731292529296875 0.40636593774319063 0.15510833984375 0.4078299429312581 0.15510833984375 0.41598654150453956 0.15479339892578126 0.4247705713359274
9 0.237937767578125 0.3388125680933852 0.2414021162109375 0.3415314338521401 0.24675610986328125 0.3386034241245136 0.24628369873046874 0.3300285382619974 0.24518140576171876 0.32270851361867703 0.2459687578125 0.3197805038910506 0.245023935546875 0.3145519150453956 0.24266187939453124 0.3120421919584955 0.23888258984375 0.31225133592736704 0.236048123046875 0.31747992477302206 0.23526077099609374 0.32166279571984435 0.2369929453125 0.331701686770428 0.237937767578125 0.3388125680933852
9 0.255889392578125 0.3582629189364462 0.2587238598632812 0.35909949286640724 0.25966868212890626 0.34362286964980543 0.262975560546875 0.34320458236057066 0.26218820849609376 0.35763548832684827 0.26502267578125 0.3597269241245136 0.2673847314453125 0.3561714831387808 0.26565255712890623 0.34132229053177693 0.26281809033203124 0.3268913845654993 0.26014109326171875 0.32479994941634244 0.25683421533203127 0.32919196433203635 0.255889392578125 0.3381851368352789 0.25620433349609373 0.3515703249027237 0.255889392578125 0.3582629189364462
9 0.2754157216796875 0.3350479837872892 0.27699042578125 0.345923448767834 0.2801398334960937 0.3469691666666667 0.2834467119140625 0.3465508793774319 0.2836041826171875 0.33086511284046694 0.2864386494140625 0.3300285382619974 0.2848639458007812 0.3220810830090791 0.280927185546875 0.3197805038910506 0.2804547744140625 0.33023768158236055 0.279037541015625 0.33379312256809335 0.2755731923828125 0.3268913845654993 0.2754157216796875 0.3350479837872892
5 0.3673784326171875 0.22336532230869002 0.3664336103515625 0.21939159468223085 0.3635991435546875 0.21709101556420232 0.3604497353515625 0.21939159468223085 0.3610796171875 0.22859391180285343 0.363914083984375 0.23005791634241243 0.363914083984375 0.22336532230869002 0.3673784326171875 0.22336532230869002
9 0.49414210107421874 0.25264542088197145 0.495086923828125 0.2599654455252918 0.5024880322265625 0.26247516796368353 0.5065822626953125 0.2616385940337224 0.5045351474609375 0.24929912386511024 0.5081569663085937 0.24741683203631645 0.5053224995117187 0.23905108949416343 0.5013857392578125 0.23528650518806746 0.49603174609375 0.23465907457846952 0.48863063720703126 0.24218824319066148 0.4903628120117188 0.2455345402075227 0.4935122197265625 0.24448882230869 0.49414210107421874 0.25264542088197145
7 0.5755542958984375 0.23110363424124514 0.570987654296875 0.22796648054474708 0.5683106577148438 0.22650247600518808 0.5643738979492188 0.22671161932555123 0.5651612495117188 0.24867169325551233 0.5747669438476563 0.24908998054474707 0.573979591796875 0.2373779409857328 0.5772864702148438 0.2382145155642023 0.5755542958984375 0.23110363424124514
9 0.5818531118164062 0.3386034241245136 0.5846875786132812 0.34801488456549934 0.5917737465820313 0.3465508793774319 0.5920886875 0.3360937016861219 0.5916162763671875 0.32396337483787285 0.5894116904296876 0.3164342068741894 0.5862622827148437 0.31497020168612194 0.5805933486328125 0.3164342068741894 0.5782312924804688 0.3275188158236057 0.5842151674804688 0.32856453307392997 0.5848450493164062 0.3340022658884565 0.5818531118164062 0.3386034241245136
9 0.45981355517578126 0.3867064429312581 0.4594986142578125 0.3952813294422828 0.4617031997070313 0.40594765045395587 0.46485260791015626 0.41264024448767833 0.46721466357421876 0.4057385071335927 0.46689972265625 0.3887978787289235 0.46721466357421876 0.37415782944228276 0.46485260791015626 0.37143896303501944 0.45981355517578126 0.3662103741893645 0.455089443359375 0.371648107003891 0.45382968017578124 0.3835692898832685 0.4543020913085937 0.3881704481193256 0.45981355517578126 0.3867064429312581
9 0.49429957177734374 0.47203701556420236 0.4947719829101562 0.47831132230869 0.497921390625 0.4804027581063554 0.5035903251953125 0.47872960959792477 0.5045351474609375 0.4870953521400778 0.5075270849609375 0.49462452010376134 0.5048500883789062 0.4948336640726329 0.5043776767578125 0.49880739169909205 0.5083144370117187 0.5063365596627756 0.5141408413085937 0.5096828566796369 0.5215419501953125 0.507800564850843 0.5270534140625 0.5023628320363165 0.5295729404296875 0.49044164915693905 0.527998236328125 0.4818667632944228 0.526108591796875 0.4682724319066148 0.5234315947265625 0.45948840207522695 0.5198097758789062 0.4559329617380026 0.5150856640625 0.4571878229571984 0.51099143359375 0.4611615505836576 0.5054799697265625 0.4622072684824903 0.5007558579101562 0.46597185278858627 0.49429957177734374 0.47203701556420236
9 0.41477702197265626 0.49211479766536964 0.4138321997070312 0.49817996108949414 0.41414714013671877 0.5075914208819714 0.4185563115234375 0.5159571634241246 0.424067775390625 0.5218131828793775 0.42973670947265624 0.5303880693904021 0.434933232421875 0.5351983709468223 0.4344608212890625 0.5282966335927367 0.43225623583984374 0.516793738002594 0.4385550517578125 0.5184668865110247 0.43965734423828123 0.5299697821011673 0.440917107421875 0.5351983709468223 0.4443814560546875 0.5257869105058366 0.44422398583984374 0.5115651485084306 0.43981481494140623 0.4975525304798962 0.43083900244140627 0.48584049092088194 0.4264298310546875 0.4944153767833982 0.4215482490234375 0.4983891044098573 0.4176114892578125 0.4937879461738003 0.41477702197265626 0.49211479766536964
2 0.45068027197265625 0.6023334539559014 0.4574514990234375 0.5979414390402076 0.46312043359375 0.5935494241245136 0.46091584765625 0.582046528534371 0.4555618544921875 0.5787002315175097 0.45036533154296876 0.5816282412451362 0.44863315673828125 0.5868568307392996 0.449105568359375 0.5966865778210116 0.45068027197265625 0.6023334539559014
2 0.42170571923828126 0.6113266271076524 0.4204459560546875 0.6211563741893644 0.42186318994140626 0.6270123942931258 0.44863315673828125 0.6046340330739299 0.44879062744140624 0.5939677114137484 0.445011337890625 0.5839288203631647 0.4426492817382813 0.5830922464332037 0.44217687060546873 0.5933402808041505 0.44375157470703125 0.6029608845654993 0.4406021669921875 0.6079803300907912 0.4335159990234375 0.6119540577172503 0.42501259765625 0.6081894734111544 0.4213907783203125 0.6004511621271077 0.41729654833984375 0.5975231517509728 0.41272990673828125 0.6025425972762646 0.4136747290039062 0.6115357704280155 0.4149344921875 0.6155094980544746 0.42170571923828126 0.6113266271076524
9 0.2535273369140625 0.7464333670557718 0.2606135048828125 0.7508253819714656 0.26801461328125 0.7541716789883269 0.2732111362304688 0.7637922827496758 0.27368354736328127 0.7778049007782101 0.274943310546875 0.7911900888456549 0.28785588330078127 0.7980918261997406 0.3105316201171875 0.7173624124513618 0.30722474169921876 0.705441228923476 0.299981103515625 0.6972846303501945 0.27384101806640626 0.6983303482490273 0.25919627099609377 0.7079509520103762 0.2612433862304688 0.7171532684824903 0.25462962939453126 0.722172714007782 0.25085034033203124 0.7372310505836576 0.2535273369140625 0.7464333670557718
2 0.9041950112304687 0.3417405778210117 0.9062421264648437 0.34508687483787287 0.9108087680664062 0.3417405778210117 0.91395817578125 0.3465508793774319 0.913013353515625 0.35428919130998704 0.9182098764648438 0.3578446316472114 0.923878810546875 0.35847206225680933 0.9197845805664062 0.3655829435797665 0.92293398828125 0.3710206763942931 0.926083396484375 0.3772949831387808 0.9273431596679688 0.3841967204928664 0.9297052153320312 0.39005273994811934 0.9356890903320313 0.3810595667963683 0.9374212646484374 0.3655829435797665 0.9358465610351563 0.3465508793774319 0.930964978515625 0.32981939494163426 0.926083396484375 0.32333594422827494 0.9224615771484375 0.32291765693904023 0.91695011328125 0.3287736770428016 0.9097064750976562 0.3281462464332036 0.9076593598632813 0.3392308547341115 0.9041950112304687 0.3417405778210117
2 0.824042580078125 0.32898282036316473 0.8282942807617187 0.3342114092088197 0.8293965732421875 0.33149254345006485 0.830026455078125 0.3465508793774319 0.8260896953125 0.36370065175097277 0.8175862939453125 0.3818961413748379 0.8322310405273438 0.3871247302204929 0.8320735703125 0.37081153242542153 0.840104560546875 0.3498971763942931 0.8471907280273437 0.33734856290531773 0.8527021918945312 0.3379759935149157 0.8574263037109375 0.345923448767834 0.8623078862304687 0.35554405252918286 0.8678193500976562 0.35282518612191954 0.8643550014648438 0.3371394195849546 0.86010330078125 0.33651198897535667 0.8538044848632812 0.32835538975356676 0.8501826655273438 0.314342771076524 0.8424666162109375 0.3072318904020752 0.839002267578125 0.30618617250324254 0.8303413959960938 0.31099647405966274 0.824042580078125 0.3145519150453956 0.8191609975585937 0.3275188158236057 0.824042580078125 0.32898282036316473