2 0.5310457514648438 0.4444747037760417 0.5299110385742187 0.460209392578125 0.5305918662109375 0.4626301139322917 0.5328612924804688 0.46505083528645835 0.5426198256835938 0.46565601562500003 0.545570080078125 0.45960421223958337 0.5487472768554688 0.4450798841145833 0.551016703125 0.43751512955729166 0.551016703125 0.424503751953125 0.5494281044921875 0.417241587890625 0.54738562109375 0.4111897845052083 0.5403503994140625 0.4111897845052083 0.5353576616210938 0.40876906315104167 0.5324074072265625 0.40725611263020833 0.5305918662109375 0.4124001451822917 0.5283224399414063 0.42420116210937503 0.529684095703125 0.435396998046875 0.5310457514648438 0.4444747037760417
7 0.5405773422851563 0.49621762304687494 0.5446623095703125 0.49833575390625 0.54670479296875 0.5022694264322917 0.5526053012695312 0.5177015247395833 0.5575980390625 0.51981965625 0.567356572265625 0.5177015247395833 0.5762073349609375 0.511044541015625 0.5775689907226562 0.4989409342447917 0.5755265068359375 0.4886528684895833 0.5741648510742188 0.4735233600260416 0.5741648510742188 0.4611171627604167 0.5714415395507813 0.46353788411458335 0.5689451708984375 0.46837932682291666 0.556463326171875 0.46928709765625 0.5526053012695312 0.4665637858072917 0.54738562109375 0.460209392578125 0.5426198256835938 0.467774146484375 0.54012345703125 0.4756414908854167 0.5392156860351562 0.48713991796874995 0.5405773422851563 0.49621762304687494
5 0.5285493828125 0.539790607421875 0.5337690629882812 0.5337388040364583 0.5421659404296875 0.5270818203125 0.5437545390625 0.521635197265625 0.53944262890625 0.5134652623697916 0.5344498911132812 0.5167937545572917 0.5287763251953125 0.5170963444010417 0.523102759765625 0.5173989348958333 0.5165214233398437 0.524963689453125 0.5174291938476563 0.5328310338541666 0.5199255629882813 0.5382776569010417 0.5285493828125 0.539790607421875
7 0.5074437182617187 0.503782376953125 0.5165214233398437 0.5095315904947917 0.5199255629882813 0.5104393606770833 0.5221949892578125 0.50892641015625 0.5215141611328125 0.5004538854166667 0.5215141611328125 0.49440208203125 0.52491830078125 0.48804768815104166 0.5301379809570312 0.4826010651041666 0.5301379809570312 0.47503631054687495 0.5221949892578125 0.4680767369791667 0.515840595703125 0.4735233600260416 0.511528685546875 0.47473372070312503 0.5069898330078125 0.48018034375 0.507897603515625 0.4874425078125 0.5074437182617187 0.4968228033854167 0.5074437182617187 0.503782376953125
9 0.4293754541015625 0.51286008203125 0.4366376181640625 0.5155833938802084 0.44662309375 0.5158859837239583 0.451388888671875 0.51286008203125 0.4475308642578125 0.5022694264322917 0.44821169189453125 0.49833575390625 0.455700798828125 0.49349431119791665 0.45615468408203125 0.4877450983072917 0.45615468408203125 0.485324376953125 0.4500272329101562 0.47775962239583336 0.4463961508789063 0.47503631054687495 0.4418572983398438 0.47654926171874995 0.4377723310546875 0.4826010651041666 0.43527596240234373 0.4919813606770833 0.42801379833984377 0.4901658196614583 0.4271060278320313 0.5025720162760416 0.4293754541015625 0.51286008203125
7 0.625 0.42904260481770834 0.6259077705078125 0.4444747037760417 0.6327160493164062 0.44750060546875003 0.64020515625 0.44871096614583333 0.6481481479492187 0.435396998046875 0.6483750908203125 0.42571411263020836 0.6483750908203125 0.4139130963541667 0.6424745825195313 0.413307916015625 0.6374818447265626 0.41512345703125003 0.6333968774414063 0.4217804407552083 0.6313543935546875 0.4229908014322917 0.6281771967773437 0.42057008007812496 0.625 0.42904260481770834
9 0.6635950854492187 0.3271548411458333 0.6657148793945312 0.332383666015625 0.6671987348632813 0.3306878307291667 0.668788580078125 0.3260242845052083 0.6717562915039063 0.31994754231770833 0.6723922294921875 0.31429475846354166 0.6702724360351563 0.30948989257812504 0.66772868359375 0.30948989257812504 0.6640190444335937 0.3114683671875 0.6614752915039063 0.31429475846354166 0.6633831059570312 0.3205128203125 0.6635950854492187 0.3271548411458333
9 0.6525721577148438 0.34284131510416666 0.6576596630859375 0.3408628411458334 0.6591435185546874 0.33817776888020834 0.6626411782226562 0.32673088216145835 0.656705755859375 0.32673088216145835 0.65479794140625 0.32037150065104164 0.6534200751953125 0.32107809895833334 0.6488625185546875 0.32588296484375 0.6483325703125 0.3354926966145833 0.647590642578125 0.34383055208333335 0.6525721577148438 0.34284131510416666
2 0.4131649487304688 0.51942776953125 0.4184741572265625 0.5222593476562499 0.4246092421875 0.51942776953125 0.42154169970703126 0.513449994140625 0.424491259765625 0.508416078125 0.42531713671875 0.5011798242187501 0.4226035415039063 0.495673978515625 0.4146987202148438 0.49174123177083334 0.410451353515625 0.4974043873697917 0.409979423828125 0.503854091796875 0.411867142578125 0.5107757265625 0.4131649487304688 0.51942776953125
2 0.44395835693359376 0.5291809817708334 0.4434864272460938 0.53956343359375 0.44431230419921874 0.5502605052083334 0.4528070375976562 0.5587552382812501 0.4609478232421875 0.55781137890625 0.4624815947265625 0.5466423782552083 0.46649299658203125 0.5392488138020833 0.4695605390625 0.5456985188802083 0.4735719409179687 0.544125419921875 0.4738079057617188 0.5343722076822917 0.4686166796875 0.525405544921875 0.4643693134765625 0.52131548828125 0.45858817529296875 0.5150230930989583 0.4530430024414063 0.5139219238281251 0.44431230419921874 0.5161242623697917 0.440418884765625 0.5206862486979167 0.44207063818359377 0.5263494042968749 0.44395835693359376 0.5291809817708334
9 0.05908549609375 0.45939454296875 0.05931333251953125 0.46658403841145835 0.06242709228515625 0.4648626100260416 0.06470545361328126 0.45949580403645834 0.067211650390625 0.4559516868489583 0.06736354150390625 0.4510911829427083 0.07123675537109375 0.44845841015625004 0.0708570283203125 0.4425853020833333 0.06964190234375 0.4377247981770833 0.06751543212890625 0.43418068098958335 0.0653130166015625 0.432864294921875 0.061287912109375 0.43721849609374996 0.05832604248046875 0.44299034375 0.05908549609375 0.44977479687500005 0.05908549609375 0.45939454296875