9 0.819222 0.2968237010376135 0.8195695693359375 0.31067239623865106 0.8265209653320312 0.3143653813229572 0.82964909375 0.3079026569390402 0.8397286176757812 0.31344213488975353 0.84772272265625 0.31067239623865106 0.8532838393554687 0.29405396173800263 0.851545990234375 0.28620636770428015 0.8484178623046875 0.280205266536965 0.8484178623046875 0.2705111796368353 0.8498081416015625 0.2594322237354086 0.8470275830078124 0.25527761543450067 0.8393810478515625 0.24881489040207522 0.8331247915039063 0.24373703566796368 0.8279112446289062 0.2441986588845655 0.8226976977539062 0.25204625291828797 0.8209598486328125 0.26820306420233464 0.819222 0.28251338261997405 0.819222 0.2968237010376135
2 0.8153987319335938 0.3609893216601816 0.8261733955078125 0.3734531478599221 0.8313869423828125 0.375299640077821 0.83729562890625 0.3600660758754864 0.8445945947265625 0.3420627717250324 0.8445945947265625 0.3305221926070039 0.8407713266601563 0.32175135214007783 0.8327772216796875 0.3272908300907912 0.8233928374023437 0.33329193125810636 0.8108803247070312 0.3494487425421531 0.8153987319335938 0.3609893216601816
2 0.8550216884765625 0.2811285129701686 0.854326548828125 0.28943773022049285 0.8525886997070312 0.30744103372243836 0.8508508510742188 0.31575025097276266 0.85050328125 0.3245210914396887 0.85814981640625 0.33006056939040207 0.8703147592773437 0.33375355447470817 0.8786564340820312 0.3346768009079118 0.8835224111328125 0.32913732295719844 0.88421755078125 0.31251888845654996 0.885607830078125 0.3023631789883268 0.8859553999023437 0.2949772081712062 0.8929067958984375 0.2908225992217899 0.8977727729492188 0.2912842224383917 0.9040290288085937 0.2880528605706874 0.9022911801757812 0.27605065823605707 0.8970776333007813 0.2654333249027237 0.8904738071289062 0.255739238002594 0.882827271484375 0.26220196303501947 0.8717050385742188 0.26589494811932557 0.866143921875 0.255739238002594 0.859540095703125 0.24512190531776915 0.85293626953125 0.24835326783398184 0.8522411298828125 0.25712410765239946 0.8508508510742188 0.27281929571984437 0.8550216884765625 0.2811285129701686
7 0.5752822138671875 0.2446052263294423 0.5774058974609375 0.24726908819714655 0.581889228515625 0.24805257717250323 0.5850747534179688 0.24758248378728925 0.582833087890625 0.24288155058365757 0.582833087890625 0.23959089753566795 0.5857826479492187 0.23959089753566795 0.5854287006835938 0.2339497775616083 0.5829510703125 0.22752516861219196 0.5795295805664062 0.22642828404669263 0.5768159853515625 0.225018004539559 0.5746923017578125 0.22627158625162125 0.5732765131835937 0.22940554215304798 0.5728045834960938 0.23504666212710765 0.5748102841796875 0.23739712840466926 0.5752822138671875 0.2446052263294423
8 0.6183457924804687 0.24852267055771723 0.6199975458984375 0.25385039494163425 0.6249528071289062 0.2554173728923476 0.627076490234375 0.25463388391699093 0.626840525390625 0.24977625291828795 0.6307339448242187 0.24883606614785994 0.628020349609375 0.2438217373540856 0.626368595703125 0.24037438651102466 0.6233010532226563 0.24006099092088198 0.6195256162109375 0.2402176887159533 0.6170479858398438 0.24209806160830089 0.6138624609375 0.24711239040207522 0.6166940385742188 0.24946285732814524 0.6183457924804687 0.24852267055771723
9 0.5029589985351562 0.2615285856031129 0.50968399609375 0.2615285856031129 0.5064984711914062 0.24977625291828795 0.50968399609375 0.2483659727626459 0.50921206640625 0.2397475953307393 0.5075603125 0.23755382619974058 0.5044927700195313 0.23614354604409857 0.5014252275390625 0.2367703372243839 0.5005993505859375 0.24006099092088198 0.5004813681640625 0.24742578599221787 0.5010712802734375 0.25761114137483787 0.5029589985351562 0.2615285856031129
9 0.47877260546875 0.22971893774319066 0.480070412109375 0.22580149351491569 0.4812502358398438 0.21906348897535668 0.478654623046875 0.21436255577172503 0.47535111572265626 0.21389246238651102 0.4716936611328125 0.21389246238651102 0.4716936611328125 0.22000367574578472 0.47287348486328123 0.2276818664072633 0.47511515087890627 0.23050242671854737 0.47877260546875 0.22971893774319066
7 0.4578897197265625 0.2370837328145266 0.4604853325195313 0.23630024383916992 0.45965945556640625 0.23238279961089492 0.46237305078125 0.23081582230869002 0.46119322705078125 0.22470460894941635 0.45942349072265626 0.22251083981841766 0.4562379658203125 0.2214139552529183 0.4523445463867187 0.22110055966277564 0.45281647607421877 0.22611488845654992 0.45293445849609376 0.2330095907911803 0.45376033544921873 0.23786722178988326 0.4578897197265625 0.2370837328145266
7 0.42980990673828123 0.23081582230869002 0.432995431640625 0.23050242671854737 0.43063578369140626 0.22580149351491569 0.4300458715820312 0.22000367574578472 0.42969192431640624 0.21749651102464332 0.432287537109375 0.21702641763942931 0.43098973095703125 0.21232548443579766 0.42933797705078125 0.21075850713359273 0.4262704345703125 0.21044511154345008 0.4246186806640625 0.21185539105058365 0.42414675146484376 0.216869719844358 0.4248546455078125 0.224077817769131 0.4254445576171875 0.2281519597924773 0.42980990673828123 0.23081582230869002
7 0.4078651791992188 0.23536005771725033 0.40562351318359374 0.23050242671854737 0.40644939013671877 0.2276818664072633 0.40385377734375 0.22125725745784697 0.40290991796875 0.22016037354085605 0.39948842822265623 0.22016037354085605 0.40019632275390626 0.22721177302204928 0.40043228759765626 0.2314426128404669 0.40114018212890623 0.23488996433203632 0.4078651791992188 0.23536005771725033
5 0.38485860986328124 0.22016037354085605 0.3839147504882813 0.2159295337224384 0.3813191376953125 0.21483264915693906 0.37777966552734377 0.21828 0.37848756005859374 0.22517470233463033 0.38403273291015627 0.22658498184176395 0.3827349267578125 0.22125725745784697 0.38485860986328124 0.22016037354085605
9 0.2533082265625 0.34473510440985733 0.253190244140625 0.3535101796368353 0.25543191015625 0.3561740415045396 0.2603871708984375 0.35429366861219197 0.26369067822265624 0.34645877950713355 0.2613310302734375 0.3398774734111543 0.2592073471679687 0.3298488158236057 0.2577915581054688 0.32373760246433203 0.2551959453125 0.32201392671854734 0.252954279296875 0.3231108112840467 0.25094857861328124 0.325304579766537 0.24965077197265625 0.332042584306096 0.24976875439453125 0.3411310551232166 0.253190244140625 0.34081765953307397 0.2533082265625 0.34473510440985733
9 0.23407709423828124 0.32232732230869 0.23395911181640625 0.33016221076523994 0.23395911181640625 0.33407965564202335 0.238914373046875 0.3358033307392996 0.24434156396484374 0.33392295784695203 0.24398761669921876 0.3268715577172503 0.24422358154296875 0.32217062451361866 0.24386963427734376 0.3132388514915694 0.24316173974609376 0.3086946160830091 0.2450494580078125 0.3050905674448768 0.24363366943359374 0.30305349610894944 0.239858232421875 0.30195661154345005 0.23856042578125 0.30556066018158234 0.23631876025390625 0.3071276381322957 0.23478498876953124 0.30399368287937745 0.2336051650390625 0.3021133093385214 0.2319534111328125 0.3035235894941634 0.2306556044921875 0.31088838456549933 0.2303016572265625 0.31731299351491565 0.2334871826171875 0.316059411154345 0.23407709423828124 0.32232732230869
9 0.2150819267578125 0.3524132950713359 0.22227885400390626 0.3511597127107653 0.22452051953125 0.34818245525291824 0.223458677734375 0.33564663294422825 0.22098104736328125 0.337840402075227 0.2185034169921875 0.33627342412451366 0.222750783203125 0.3307890019455253 0.22039113525390625 0.32499118482490275 0.2182674521484375 0.3217005311284047 0.2166156982421875 0.320446948767834 0.21307622607421875 0.32029025097276265 0.21189640185546876 0.321857228923476 0.21130648974609376 0.3293787224383917 0.21331219091796874 0.339720775616083 0.21354815576171876 0.3461453839169909 0.2150819267578125 0.3524132950713359
7 0.16906878857421875 0.40130300064850843 0.17697360986328126 0.3975422542153048 0.17744553955078124 0.3898640629053178 0.17638369775390625 0.38390954798962384 0.17673764501953124 0.37873852140077824 0.1730801904296875 0.3745076815823606 0.16859685888671874 0.37372419260700385 0.164821421875 0.3771715434500649 0.16364159765625 0.3826559656290532 0.16552931640625 0.38845378339818415 0.16765299951171875 0.39487839169909206 0.16906878857421875 0.40130300064850843
7 0.18216483544921874 0.39863913878080415 0.18381658935546874 0.40365346757457843 0.1853503603515625 0.4086677963683528 0.1943170234375 0.40569053826199736 0.19644070654296875 0.40177309403372247 0.2009240380859375 0.3970721608300908 0.2026937744140625 0.3893939701686122 0.2035196513671875 0.3848497341115435 0.19856439013671875 0.38046219649805446 0.19160342822265625 0.3752911699092088 0.1886538681640625 0.37372419260700385 0.1874740439453125 0.3771715434500649 0.18487843115234376 0.37889521919584956 0.18322667724609376 0.3773282412451362 0.18169290576171876 0.3765447522697795 0.1793332578125 0.3771715434500649 0.17744553955078124 0.3826559656290532 0.17709159228515625 0.3889238767833981 0.17909729296875 0.39425160116731517 0.18216483544921874 0.39863913878080415
9 0.1268310869140625 0.41791296498054475 0.1286008232421875 0.42606124902723735 0.13214029541015626 0.42982199546044103 0.13756748583984374 0.4276282269779507 0.13992713427734374 0.42230050259403373 0.13874731005859375 0.4154058002594034 0.134971873046875 0.40945128534370945 0.133792048828125 0.4071008184176394 0.136387662109375 0.4030266763942931 0.13391003125 0.3950350894941634 0.13202231298828124 0.3911176452658885 0.12919073486328125 0.3908042496757458 0.1267131044921875 0.39597527626459145 0.1254152978515625 0.39989272049286645 0.1255332802734375 0.4074142140077821 0.1268310869140625 0.41791296498054475
9 0.06359251708984374 0.43499302204928664 0.06453637646484375 0.4426712133592737 0.0671319892578125 0.45269987094682235 0.075508740234375 0.44909582230869 0.07975610693359375 0.443768097924773 0.07668856396484375 0.4342095337224384 0.074800845703125 0.42480766666666664 0.073621021484375 0.41759956939040205 0.07255918017578125 0.41211514721141373 0.07031751416015625 0.4103914714656291 0.06925567236328126 0.41399552075226975 0.0678398837890625 0.4174428715953307 0.06430041162109375 0.4165026848249027 0.06241269287109375 0.4147790090791181 0.059817080078125 0.4207335246433203 0.0594631328125 0.4282550181582361 0.059817080078125 0.43499302204928664 0.06359251708984374 0.43499302204928664
1 0.075508740234375 0.40428025875486384 0.0810539130859375 0.4019297918287938 0.0818797900390625 0.39769895201037614 0.07881224755859376 0.3900207607003891 0.0753907578125 0.3792086147859922 0.073149091796875 0.37560456549935145 0.07126137353515626 0.37497777431906615 0.0689017255859375 0.37701484565499355 0.0690197080078125 0.38406624578469517 0.07102540869140625 0.3926846232166018 0.073149091796875 0.4006762094682231 0.075508740234375 0.40428025875486384
7 0.5030769809570312 0.42637464461738 0.5003633857421875 0.43170236900129705 0.49776777294921876 0.44079083981841766 0.4971778608398438 0.4505061018158236 0.5015432099609375 0.45552043060959796 0.5070883828125 0.45614722178988326 0.5129875034179687 0.4558338261997406 0.5175888173828125 0.45442354604409857 0.5186506586914063 0.4422011199740597 0.5197125004882812 0.42668804020752266 0.5182967114257813 0.41242854280155644 0.5173528525390625 0.409921378080415 0.5148752216796875 0.4060039338521401 0.509801978515625 0.4064740272373541 0.5036668930664062 0.4143089163424124 0.5024870693359375 0.4212036180285344 0.5030769809570312 0.42637464461738
2 0.4157700004882813 0.6065770856031129 0.419899384765625 0.6068904811932555 0.42273096240234376 0.6039132230869001 0.4220230678710937 0.6122182055771725 0.42190508544921873 0.6206798852140077 0.42273096240234376 0.6247540272373541 0.43098973095703125 0.619426302853437 0.43901253466796875 0.6123749033722439 0.44691735546875 0.6067337833981842 0.4380686752929687 0.6021895479896239 0.4316976254882812 0.5932577749675746 0.42980990673828123 0.5854228858625162 0.42261297998046876 0.5858929792477302 0.4171857890625 0.5929443793774319 0.41482614111328125 0.5992122898832685 0.4157700004882813 0.6065770856031129
9 0.25684769873046875 0.7468215940337224 0.26510646728515624 0.752619411154345 0.27289330615234375 0.7626480687418936 0.27348321826171873 0.7797281264591439 0.2761968134765625 0.790383575226978 0.28669724755859377 0.7968081841763943 0.30946785205078126 0.7212798566796369 0.3048665380859375 0.7048265901426718 0.3001472421875 0.6976184922178988 0.27112356982421876 0.6980885856031128 0.2610950654296875 0.7081172431906615 0.255549892578125 0.7212798566796369 0.253190244140625 0.7309951186770428 0.252836296875 0.74086707846952 0.25684769873046875 0.7468215940337224