2 0.81640625 0.34515328125 0.81640625 0.35332680729166666 0.8216411142578125 0.363656939453125 0.834359876953125 0.3698750006510417 0.8451708251953125 0.37015763997395834 0.8498343715820312 0.3611131868489583 0.8537891401367188 0.373046875 0.8559225703125 0.373046875 0.8591614643554687 0.3727013932291667 0.8608572993164062 0.364222216796875 0.86181640625 0.35552631445312505 0.86181640625 0.3405951829427083 0.8568296909179688 0.3322839915364583 0.8530140620117187 0.32578329036458337 0.8441109282226562 0.31984786783854163 0.8398713408203125 0.31476036263020835 0.834359876953125 0.31730411458333335 0.8292723715820313 0.3252180123697917 0.8227010112304688 0.3322839915364583 0.81640625 0.34515328125
2 0.8749648911132812 0.3616071868489583 0.8806883344726563 0.36584677408854166 0.8821721899414062 0.37743498046875 0.87878051953125 0.3958065260416667 0.877720623046875 0.407394732421875 0.8840800043945313 0.41785238151041665 0.8936190766601563 0.425201 0.8981450263671875 0.42578125 0.9053585830078125 0.42578125 0.91290919921875 0.41700446419270837 0.9140625 0.40606946809895833 0.9140625 0.3943619986979167 0.9107894057617187 0.3746085885416666 0.9112133642578125 0.3607592688802083 0.907397736328125 0.35341065039062497 0.8997664780273438 0.3449314752604167 0.8874716743164063 0.343518279296875 0.87878051953125 0.34747522786458335 0.8719971796875 0.35538912500000003 0.8749648911132812 0.3616071868489583
9 0.9045439467773437 0.25609970638020835 0.9075116577148438 0.273058056640625 0.9155668740234375 0.284080984375 0.919023083984375 0.28515625 0.9225803032226563 0.28515625 0.9278616782226563 0.27786292252604167 0.9308293896484375 0.28464626302083335 0.93591689453125 0.27786292252604167 0.9365528325195313 0.2634483248697917 0.93701171875 0.25783971614583334 0.93701171875 0.24475960872395833 0.9335851215820312 0.23151009895833333 0.9304054306640624 0.224444119140625 0.9240460493164062 0.22529203710937498 0.9208663588867187 0.22727051106770835 0.9113272866210937 0.222183005859375 0.9053918642578125 0.22811842838541666 0.9020001938476563 0.23631496484375 0.9045439467773437 0.25609970638020835
2 0.8863456337890625 0.253850626953125 0.8933409526367188 0.26713466796875 0.8946713237304688 0.267578125 0.8980532885742187 0.267578125 0.90309200390625 0.257242296875 0.9016081489257812 0.23660963736979168 0.9045758598632813 0.22897837955729164 0.90576171875 0.22186322721354168 0.90576171875 0.21756712630208333 0.90245606640625 0.22219503971354168 0.8986404375 0.21484642122395833 0.8944008500976562 0.20664988541666665 0.8931289736328125 0.20891099869791666 0.8835899013671875 0.21399850390625 0.8780784379882812 0.2253040703125 0.8863456337890625 0.23547908072916668 0.8863456337890625 0.253850626953125
2 0.21348122314453125 0.318359375 0.22036638427734376 0.318359375 0.2249494189453125 0.3151908567708333 0.2249494189453125 0.3092554342447917 0.2265625 0.30430865299479165 0.2265625 0.302036890625 0.22367754296875 0.29794986783854166 0.219437955078125 0.29823250651041666 0.217954099609375 0.30162417708333333 0.21562232666015624 0.29710194986979166 0.2120186767578125 0.30247209440104167 0.20926294482421876 0.30953807356770835 0.21223065625 0.3163214140625 0.21348122314453125 0.318359375
2 0.1971241435546875 0.3359375 0.1984376865234375 0.3359375 0.203320583984375 0.3334334498697917 0.2060546875 0.3284860247395833 0.2060546875 0.3273205520833333 0.2035325634765625 0.31930149088541665 0.2012007900390625 0.31930149088541665 0.19505338818359375 0.31930149088541665 0.19187369775390625 0.3238237180989583 0.19091796875 0.32943066080729166 0.19091796875 0.330180669921875 0.194205470703125 0.3345640065104167 0.1971241435546875 0.3359375
1 0.08027811474609375 0.379890541015625 0.083881763671875 0.3824342936197917 0.08430572216796875 0.38554332486979165 0.085365619140625 0.3937398606770834 0.085786662109375 0.3938802083333333 0.08995379248046875 0.3938802083333333 0.09490469189453125 0.389782912109375 0.09765625 0.38218337109374995 0.09765625 0.38100996744791665 0.09426875341796875 0.37197664453125 0.095328650390625 0.36943289192708334 0.0910890625 0.36434538671875 0.0860015576171875 0.3634974694010417 0.08027811474609375 0.3666065 0.07667446484375 0.3722592838541667 0.07667446484375 0.377629427734375 0.08027811474609375 0.379890541015625
9 0.0781608544921875 0.4376064088541667 0.08240044287109374 0.44580294466145837 0.08437405908203124 0.4498697916666667 0.0875920400390625 0.4498697916666667 0.091303576171875 0.44891197656250004 0.093211390625 0.44015016145833336 0.0929994111328125 0.426300841796875 0.09423828125 0.42398828515625 0.09423828125 0.4202501028645833 0.0902436796875 0.4107556875 0.08769992724609375 0.4099077701822917 0.0862160712890625 0.4212133372395834 0.08028064892578125 0.4181043059895833 0.07773689599609375 0.41612583268229164 0.0741332470703125 0.4279966770833334 0.07498116455078126 0.4353452955729167 0.0781608544921875 0.4376064088541667
7 0.0791450185546875 0.475638291015625 0.0863523173828125 0.47479037369791666 0.08837890625 0.46791225260416663 0.08837890625 0.466252544921875 0.08550439990234375 0.460375775390625 0.079356998046875 0.45048340494791667 0.0729976162109375 0.45613618880208334 0.0691819873046875 0.46489800195312503 0.064942400390625 0.475638291015625 0.06939677880859375 0.4798177083333333 0.07254593896484375 0.4798177083333333 0.0791450185546875 0.475638291015625
9 0.11455023876953126 0.455078125 0.11568145263671875 0.45473005924479165 0.1171875 0.45144413802083333 0.1171875 0.44617027018229166 0.115257494140625 0.4380543483072917 0.1133496796875 0.4275966985677084 0.1063543603515625 0.42477030729166665 0.10338664892578125 0.43296684309895833 0.10338664892578125 0.44003282226562496 0.10826217431640625 0.44822935807291664 0.11260850732421875 0.455078125 0.11455023876953126 0.455078125
9 0.10931995751953125 0.3658854166666667 0.11527357421875 0.3655074095052084 0.1150615947265625 0.3584414303385417 0.1181640625 0.35249503385416664 0.1181640625 0.3515358444010417 0.11421367724609376 0.34600530598958334 0.1097621103515625 0.34572266796875 0.1074303369140625 0.3462879453125 0.10403866748046875 0.350810171875 0.10255481103515625 0.35335392447916664 0.10531054296875 0.3584414303385417 0.10634443017578125 0.3658854166666667 0.10931995751953125 0.3658854166666667
9 0.142578125 0.3192270501302083 0.142093966796875 0.316091548828125 0.142578125 0.31458527864583335 0.142578125 0.313880345703125 0.1384903173828125 0.30761237369791666 0.13594656494140625 0.30902556966145833 0.13001114208984374 0.3163741881510417 0.131494998046875 0.32230961067708336 0.13255489453125 0.3285276725260417 0.14082209033203125 0.32937558984375 0.142578125 0.32703421028645835 0.142578125 0.3192270501302083
9 0.16845703125 0.30560001497395833 0.16845703125 0.3050861822916667 0.165555927734375 0.29762620182291666 0.16068040234375 0.28999494401041664 0.15834862890625 0.2959303671875 0.158203125 0.299422466796875 0.158203125 0.30790092513020834 0.16152831982421875 0.31288871744791663 0.16703978369140626 0.31288871744791663 0.16845703125 0.30560001497395833
8 0.15700653076171875 0.3072916666666667 0.158203125 0.303746203125 0.158203125 0.2966461673177083 0.157720640625 0.29214298046875004 0.151997197265625 0.284794361328125 0.14754563037109375 0.2884686712239583 0.1447898984375 0.29412145377604165 0.14669771240234375 0.300056876953125 0.148181568359375 0.3059922994791667 0.15484082421875 0.3072916666666667 0.15700653076171875 0.3072916666666667