7 0.15360653857421874 0.41466583852140076 0.15603566552734374 0.4137169468223087 0.1567501142578125 0.41030093514915694 0.16103680859375 0.40859292931258107 0.1646090537109375 0.40422802594033724 0.16718106982421874 0.39929378728923476 0.1666095107421875 0.39056397989623864 0.16532350244140626 0.3829728430609598 0.16360882470703125 0.377279490920882 0.16060813916015626 0.37633059857328144 0.15732167333984376 0.3780386044098573 0.1547496572265625 0.38088528080415046 0.1533207587890625 0.38885597405966277 0.1533207587890625 0.39644711089494167 0.15374942822265625 0.4053666964980545 0.15360653857421874 0.41466583852140076
7 0.1367455419921875 0.44066548184176396 0.1397462275390625 0.4410450382619974 0.13988911767578124 0.43668013488975355 0.142318244140625 0.43611079961089494 0.14546181982421874 0.43743924837872894 0.14831961572265626 0.43155611802853433 0.1486053955078125 0.42225697535667966 0.14717649755859374 0.4137169468223087 0.14460448095703124 0.4072644805447471 0.13988911767578124 0.4055564747081712 0.133173296875 0.4082133728923476 0.129458162109375 0.4152351738002594 0.12917238232421874 0.4241547594033723 0.131458619140625 0.43326412321660185 0.1367455419921875 0.44066548184176396
9 0.114168953125 0.43155611802853433 0.11616941015625 0.4391472542153048 0.11917009619140626 0.4442712717250324 0.125028578125 0.4427530440985733 0.12660036572265626 0.43800858365758755 0.1241712392578125 0.4254832081712062 0.12217078173828125 0.4309867827496758 0.1190272060546875 0.4271912140077821 0.12002743505859376 0.4237752029831388 0.12217078173828125 0.42187741828793773 0.1214563330078125 0.41637384435797664 0.11831275732421875 0.41276805447470816 0.1154549609375 0.409921378080415 0.1153120712890625 0.4186511854734111 0.1154549609375 0.4233956459143969 0.114168953125 0.42567298702983136 0.114168953125 0.43155611802853433
9 0.1061671240234375 0.4492055103761349 0.10559556494140625 0.43857791893644615 0.10873914013671875 0.4381983625162127 0.1098822587890625 0.4492055103761349 0.11073959765625 0.4567966472114138 0.11474051220703126 0.454709084306096 0.1170267490234375 0.45129307328145263 0.111739826171875 0.4364903566796368 0.10802469140625 0.42453431647211415 0.10673868310546875 0.4207387483787289 0.10259487890625 0.4201694130998703 0.09987997265625 0.4207387483787289 0.1007373115234375 0.42927877691309985 0.10202331982421875 0.43762902723735414 0.10416666650390626 0.4452201634241245 0.1061671240234375 0.4492055103761349
1 0.078446501953125 0.3996733437094682 0.08487654296875 0.3975857814526589 0.08316186572265626 0.3852501841763943 0.0830189755859375 0.3822137295719844 0.0844478740234375 0.37822838261997405 0.0830189755859375 0.3715861381322957 0.08058984912109375 0.3693087976653696 0.0765889345703125 0.36873946238651106 0.075731595703125 0.375951042153048 0.07501714697265625 0.3860092976653696 0.0765889345703125 0.3970164461738002 0.078446501953125 0.3996733437094682
9 0.2171925009765625 0.33078377885862514 0.22019318701171875 0.3340100123216602 0.2240512119140625 0.33268156290531775 0.22376543212890626 0.3199664092088197 0.22633744873046874 0.31863796044098575 0.22662322802734375 0.3100979319066148 0.22462277099609376 0.3083899260700389 0.22490855029296875 0.3023170168612192 0.22105052587890625 0.3004192321660182 0.2189071787109375 0.30573302788586254 0.217049611328125 0.31123660181582363 0.21819272998046876 0.3207255226977951 0.2171925009765625 0.33078377885862514
9 0.23533950634765624 0.3319224494163424 0.2350537265625 0.33875447211413745 0.2376257431640625 0.33761580220492865 0.23976908984375 0.325659761997406 0.23905464111328126 0.32091530155642023 0.24191243701171875 0.319776630998703 0.24276977587890625 0.3250904267185474 0.2423411064453125 0.3309735570687419 0.2403406494140625 0.3378055804150454 0.24519890283203125 0.33609757457846956 0.24634202099609376 0.332491784695201 0.24448445361328125 0.32091530155642023 0.241483767578125 0.31370372178988326 0.239483310546875 0.30895926134889756 0.23648262451171875 0.30744103372243836 0.23462505712890624 0.312565051232166 0.2324817099609375 0.31427305642023345 0.23376771826171874 0.3243313125810635 0.23533950634765624 0.3319224494163424
9 0.2502000458984375 0.34292959727626465 0.25091449462890625 0.352798075226978 0.2533436215820313 0.3406522568093385 0.25605852783203126 0.339703364461738 0.25605852783203126 0.3465353871595331 0.25420096044921875 0.3526082970168612 0.2532007314453125 0.3575425356679637 0.2599165522460937 0.3562140869001297 0.2603452216796875 0.35165940466926066 0.25891632373046874 0.33951358625162126 0.25748742578125 0.32926555188067447 0.25520118896484373 0.3245210914396887 0.2534865112304687 0.3231926420233463 0.25205761328125 0.32660865369649805 0.249628486328125 0.32926555188067447 0.2502000458984375 0.33609757457846956 0.2502000458984375 0.34292959727626465
9 0.2744913125 0.33268156290531775 0.2762059897460937 0.32148463683527884 0.27892089599609377 0.3216744150453956 0.27792066748046873 0.3311633359273671 0.2810642431640625 0.32755754604409854 0.2810642431640625 0.32148463683527884 0.28049268408203126 0.312565051232166 0.278206447265625 0.3078205907911803 0.2757773203125 0.308010369001297 0.2739197529296875 0.31465261348897533 0.27249085498046877 0.32186419325551235 0.2729195244140625 0.32907577302204927 0.2744913125 0.33268156290531775
9 0.29592478271484374 0.34198070557717253 0.2987825791015625 0.34198070557717253 0.29835390966796876 0.32736776718547345 0.300640146484375 0.3254699831387808 0.30092592578125 0.333820233463035 0.3014974853515625 0.3408420350194553 0.3034979423828125 0.34027269974059665 0.303355052734375 0.3294553300907912 0.3014974853515625 0.3207255226977951 0.2997828076171875 0.315221948767834 0.29692501123046877 0.3154117269779507 0.29592478271484374 0.32186419325551235 0.29592478271484374 0.32736776718547345 0.2953532236328125 0.332491784695201 0.29592478271484374 0.34198070557717253
5 0.3670481826171875 0.22488742282749677 0.367905521484375 0.22246774773022052 0.37015603564453126 0.22488742282749677 0.37133487646484375 0.2287304357976654 0.37101337451171873 0.22019040726329445 0.370584705078125 0.21677439559014267 0.36726251708984375 0.2160627263294423 0.3636188271484375 0.21748606485084307 0.363833162109375 0.2228947496757458 0.36479766796875 0.2285881018158236 0.3683341904296875 0.22944210505836576 0.3670481826171875 0.22488742282749677
7 0.390625 0.23926313813229572 0.390625 0.23328511802853438 0.39244684521484374 0.23072310894941633 0.39223251025390626 0.22673776264591441 0.3897676611328125 0.22403342023346304 0.3853737998046875 0.22389108625162127 0.38526663232421876 0.23043844163424124 0.3850522978515625 0.23527779118028536 0.3850522978515625 0.23997480674448768 0.390625 0.23926313813229572
7 0.4177383403320313 0.2308654429312581 0.41977452001953125 0.22830343450064852 0.41870284619140624 0.22147141115434502 0.418167009765625 0.21947873800259404 0.4199888544921875 0.21634739429312583 0.417416837890625 0.2125043813229572 0.4148448217773438 0.21136571076523994 0.41162980126953125 0.21350071789883268 0.41141546630859377 0.21834006744487677 0.41259430712890627 0.22261008171206226 0.4121656376953125 0.23001144033722437 0.4177383403320313 0.2308654429312581
7 0.4292052470703125 0.2244604215304799 0.4376714677734375 0.22588375940337224 0.4349922841796875 0.21947873800259404 0.4349922841796875 0.21734373086900127 0.4369212963867187 0.2170590629053178 0.4359567900390625 0.21065404150453956 0.4332776064453125 0.20738036381322958 0.43027692041015625 0.20709569649805448 0.428347908203125 0.2076650317769131 0.4277049038085938 0.2117927120622568 0.42791923876953125 0.21549339105058368 0.4293124140625 0.22104440985732815 0.4292052470703125 0.2244604215304799
7 0.44088648828125 0.23428145460440986 0.4417438271484375 0.23926313813229572 0.44367283935546875 0.23940547146562904 0.4451731826171875 0.23598946044098576 0.4457090190429687 0.2317194455252918 0.44903120703125 0.23100777691309987 0.44903120703125 0.23513545719844356 0.44699502734375 0.2386938028534371 0.4454946845703125 0.2412558112840467 0.45117455419921876 0.24040180804150454 0.45117455419921876 0.2369857970168612 0.4502100478515625 0.2302961076523995 0.44828103564453126 0.22474508884565497 0.4454946845703125 0.2221830804150454 0.44152949267578123 0.2228947496757458 0.4397076474609375 0.22588375940337224 0.43895747607421876 0.2287304357976654 0.4400291494140625 0.2308654429312581 0.44088648828125 0.23428145460440986
9 0.44592335400390626 0.21008470622568096 0.44560185205078123 0.20424902010376136 0.44506601513671873 0.19898266926070038 0.44367283935546875 0.19300464915693905 0.441207990234375 0.19158131063553827 0.43842163916015625 0.19300464915693905 0.43842163916015625 0.19940967055771724 0.43895747607421876 0.20695336251621274 0.43949331298828126 0.2105117075226978 0.44592335400390626 0.21008470622568096
9 0.47207218798828127 0.2251720907911803 0.4730366943359375 0.22147141115434502 0.47153635107421876 0.21620506031128403 0.46939300390625 0.21535105771725033 0.46628515087890626 0.21463938845654992 0.46457047314453126 0.21592039299610896 0.46489197509765623 0.22545675810635538 0.4661779833984375 0.23129244422827494 0.47346536328125 0.2308654429312581 0.47207218798828127 0.2251720907911803
9 0.49447016455078124 0.24424482101167316 0.49447016455078124 0.24979583981841763 0.494255830078125 0.25819353501945524 0.4981138544921875 0.2610402107652399 0.5058299038085937 0.2616095460440986 0.5046510629882812 0.2522155149156939 0.5037937241210938 0.24951117250324253 0.507115912109375 0.24837250194552532 0.5062585732421875 0.2429638171206226 0.50475823046875 0.23769746562905317 0.5014360424804688 0.23613179377431906 0.496292009765625 0.23513545719844356 0.4923268173828125 0.23755513229571987 0.48921896435546874 0.2413981452658885 0.4906121401367188 0.24495649027237354 0.49447016455078124 0.24424482101167316
9 0.5037937241210938 0.23470845590142672 0.505401234375 0.23670112905317767 0.5065800756835938 0.24025947470817122 0.5076517490234375 0.24267914915693906 0.5134387861328125 0.2428214831387808 0.5112954389648438 0.2331427840466926 0.5144032919921875 0.2317194455252918 0.5136531206054687 0.22559909208819715 0.5118312758789062 0.22246774773022052 0.5093664267578125 0.22161374513618676 0.507115912109375 0.2211867438391699 0.5055084018554687 0.22047507457846952 0.5031507202148437 0.222752415693904 0.5028292182617188 0.22702242996108948 0.5033650546875 0.23058077561608303 0.5037937241210938 0.23470845590142672
7 0.5697016459960937 0.2431061504539559 0.5692729765625 0.24837250194552532 0.57473851171875 0.25022284111543447 0.5797753774414063 0.25022284111543447 0.5798825444335938 0.2415404785992218 0.5799897119140625 0.2386938028534371 0.5814900546875 0.23997480674448768 0.5833118999023438 0.23883613618677044 0.5820258916015625 0.23300045006485084 0.5775248627929688 0.22801876653696498 0.57473851171875 0.22688009597924774 0.571630658203125 0.22659542866407262 0.5691658095703125 0.22801876653696498 0.5685228051757812 0.23214644747081714 0.5697016459960937 0.23712813099870297 0.5697016459960937 0.2431061504539559
8 0.6189986284179687 0.25121917833981844 0.6222136489257812 0.24979583981841763 0.62232081640625 0.2552045246433204 0.62232081640625 0.2610402107652399 0.6291795268554687 0.2626058832684825 0.6316443759765625 0.2620365479896239 0.6318587104492187 0.25278485019455255 0.6336805556640625 0.2540658540856031 0.6358239028320313 0.2522155149156939 0.6338948901367187 0.24737616536964982 0.6311085390625 0.24481415629053177 0.6247856655273437 0.2425368158236057 0.6219993139648438 0.2431061504539559 0.6191057954101562 0.24524115823605705 0.6164266118164062 0.24837250194552532 0.6189986284179687 0.25121917833981844
9 0.503043552734375 0.4792379448767834 0.5049725649414063 0.47980728015564206 0.5063657407226563 0.48635463553826197 0.509152091796875 0.49489466407263294 0.5116169409179687 0.502723023994812 0.5156893002929688 0.5085587101167315 0.5240483540039063 0.5074200395590143 0.5277992114257812 0.5014420194552529 0.530907064453125 0.49332899221789883 0.5285493828125 0.4825116225680934 0.5272633745117188 0.47311759079118026 0.5245841904296875 0.4621578871595331 0.5219050068359375 0.45674920233463034 0.5184756513671875 0.4571762036316472 0.5174039780273437 0.4601652140077821 0.5133316186523438 0.4624425551232166 0.5075445815429688 0.4640082269779507 0.5036865571289062 0.46614323411154346 0.5016503774414063 0.4712672516212711 0.5005787036132813 0.47681826977950714 0.503043552734375 0.4792379448767834
9 0.47014317578125 0.4780992743190661 0.47035751025390626 0.4917633203631647 0.47035751025390626 0.4973143391699092 0.4743227021484375 0.49987634760051886 0.48032407421875 0.5015843534370947 0.48632544580078124 0.5007303501945526 0.48975480126953125 0.4958910006485084 0.489111796875 0.48834730869001297 0.4877186215820313 0.48165761932555123 0.48514660498046874 0.4755372658884565 0.48257458837890627 0.4739715940337224 0.4872899521484375 0.4722635881971466 0.4888974624023438 0.4702709143968871 0.486754115234375 0.4632965577172503 0.485360939453125 0.45632220103761345 0.482681755859375 0.4486361750972762 0.47935956787109374 0.445504831387808 0.4740012001953125 0.4423734876783398 0.4736796982421875 0.43810347341115435 0.47239368994140624 0.43767647146562905 0.4692858369140625 0.4440814935149157 0.46939300390625 0.4539025259403372 0.46982167333984376 0.46415056095979246 0.47014317578125 0.4780992743190661
2 0.48857596044921875 0.5505471848249027 0.486111111328125 0.54841217769131 0.48643261328125 0.5533938605706874 0.484074931640625 0.559798882619974 0.48161008251953125 0.5610798865110247 0.480645576171875 0.5636418949416343 0.479252400390625 0.5659192360570687 0.47818072705078124 0.5681965771725033 0.47850222900390627 0.5720395901426719 0.4791452333984375 0.578871612840467 0.4899691357421875 0.5697622490272374 0.49050497265625 0.5649228994811933 0.4937199931640625 0.558517878080415 0.49329132373046874 0.5542478638132295 0.48857596044921875 0.5505471848249027
2 0.4498885458984375 0.5969480071335928 0.45171039111328126 0.6002216848249027 0.45588991748046875 0.5989406802853436 0.46060528125 0.594813 0.4617841220703125 0.5909699870298314 0.460283779296875 0.58499196692607 0.4585691015625 0.58171828923476 0.4536394033203125 0.5795832821011673 0.4498885458984375 0.5821452905317769 0.44945987646484375 0.5874116420233463 0.4492455419921875 0.5922509915693904 0.4498885458984375 0.5969480071335928
2 0.41838134423828127 0.6137433968871595 0.4212748627929688 0.6120353910505836 0.4206318588867187 0.6197214169909209 0.4210605283203125 0.625841771076524 0.42620456103515625 0.6234220959792477 0.436492626953125 0.6153090687418937 0.4461376884765625 0.6083347120622569 0.448709705078125 0.6027836932555123 0.4463520234375 0.5845649656290531 0.44249399853515625 0.5839956303501945 0.4422796640625 0.5898313164721142 0.44292266796875 0.59808667769131 0.44292266796875 0.604918700389105 0.43745713330078123 0.6094733826199741 0.4301697529296875 0.6120353910505836 0.4234182099609375 0.6071960415045395 0.41838134423828127 0.6023566919584955 0.4159164951171875 0.594528332684825 0.41227280517578124 0.6016450233463035 0.4121656376953125 0.6074807094682231 0.41463048681640624 0.6128893942931258 0.41838134423828127 0.6137433968871595
9 0.38087277099609373 0.6618522256809338 0.38001543212890626 0.6716732587548638 0.378729423828125 0.6786476154345007 0.3792652607421875 0.6839139662775616 0.3819444443359375 0.6896073190661478 0.38462362841796877 0.6982896815823605 0.38665980810546874 0.7083953819714657 0.3931970166015625 0.7128077302204928 0.390946501953125 0.7187857503242543 0.38837448583984374 0.720920757457847 0.39051783251953126 0.7352964721141375 0.392339677734375 0.7424131627756161 0.39919838818359377 0.7415591601815823 0.40884344970703124 0.7330191316472114 0.414094650390625 0.7213477587548639 0.4155949931640625 0.6938773333333333 0.414094650390625 0.67067692153048 0.41237997265625 0.6654105706874189 0.40648576806640624 0.6544508670557717 0.4033779150390625 0.6477611783398185 0.40037722900390627 0.6422101595330739 0.39716220849609374 0.6487575149156939 0.3911608369140625 0.6494691835278859 0.3845164609375 0.6537391984435797 0.38087277099609373 0.6618522256809338
9 0.24755658447265624 0.627834444228275 0.24187671484375 0.6331007957198443 0.23941186572265624 0.6396481511024643 0.2369470166015625 0.6496115175097277 0.23716135107421876 0.663702564850843 0.2369470166015625 0.6698229189364462 0.24112654296875 0.6733812639429312 0.2457347392578125 0.6763702743190662 0.2506644375 0.6729542626459144 0.25109310693359377 0.6691112496757459 0.25312928662109374 0.6723849273670558 0.25312928662109374 0.6796439520103762 0.25345078857421877 0.6839139662775616 0.25891632373046874 0.686618308690013 0.2640603564453125 0.6813519578469519 0.2651320302734375 0.6760856063553826 0.26588220166015625 0.6683995810635539 0.2688828876953125 0.6618522256809338 0.2748842592773437 0.6600018858625162 0.2820644716796875 0.6605712211413748 0.28645833349609373 0.664983569390402 0.2898876884765625 0.6696805849546044 0.29149519873046875 0.6750892697795071 0.2939600478515625 0.6745199345006485 0.2919238681640625 0.6644142341115435 0.2871013374023437 0.6575822114137484 0.28474365576171873 0.649042182230869 0.2834576474609375 0.6345241335927366 0.28677983544921876 0.6318197911802853 0.2894590190429687 0.6259841050583658 0.2889231826171875 0.6215717568093385 0.2851723251953125 0.616020738002594 0.282921810546875 0.6103273858625162 0.2800282919921875 0.6073383754863813 0.27574159814453125 0.6054880356679637 0.27220507568359376 0.6060573709468223 0.2715620712890625 0.6113237224383916 0.27220507568359376 0.6158784040207522 0.27166923876953125 0.6217140907911803 0.26706104248046875 0.6254147697795072 0.26470336083984375 0.6298271180285343 0.259130658203125 0.6305387866407263 0.25398662548828127 0.6265534403372244 0.24755658447265624 0.627834444228275
9 0.26159550732421877 0.7212054247730221 0.25548696826171874 0.7320227950713359 0.25462962939453126 0.739139485084306 0.2529149521484375 0.7472525123216602 0.25205761328125 0.7563618767833982 0.255808470703125 0.7640479027237354 0.26245284619140624 0.765044239299611 0.2681327158203125 0.7582122159533073 0.2692043896484375 0.7550808722438391 0.27338391650390625 0.7606318910505836 0.27574159814453125 0.7674639137483787 0.27520576123046875 0.778423617380026 0.276170267578125 0.7915183281452659 0.28335047998046875 0.795930676394293 0.2889231826171875 0.7986350188067445 0.31475051416015626 0.7197820869001297 0.31121399169921876 0.7034136984435798 0.30478395068359376 0.6981473476005189 0.2994255830078125 0.6981473476005189 0.28452932080078125 0.699997686770428 0.2771347734375 0.7039830337224384 0.2725265776367187 0.7059757068741894 0.2719907407226563 0.7096763865110246 0.26652520556640624 0.7156544066147861 0.26159550732421877 0.7212054247730221
2 0.91574502734375 0.3366194649805448 0.9128515087890625 0.33590779636835283 0.9129586762695312 0.34359382230869 0.9143518520507813 0.3505681789883269 0.9142446845703125 0.35782720298313875 0.9169238681640625 0.36451689234760054 0.92185356640625 0.3685022392996109 0.9236754116210938 0.37262991958495456 0.9251757543945313 0.3803159455252918 0.9283907749023438 0.38458595979247734 0.9316057954101562 0.37931960894941635 0.9347136489257812 0.3677905700389105 0.9347136489257812 0.35725786770428014 0.93407064453125 0.3451594941634241 0.9328918037109375 0.3346267918287938 0.9319272978515625 0.32437875745784694 0.9294624487304688 0.31754673411154344 0.9263545952148438 0.31598106225680933 0.9230324072265625 0.31640806420233464 0.9173525375976562 0.3184007373540856 0.9128515087890625 0.3215320810635538 0.9155306928710938 0.3309261128404669 0.91574502734375 0.3366194649805448
9 0.84983710546875 0.352133850843061 0.849515603515625 0.3601045440985733 0.8550883056640625 0.36095854734111543 0.8574459877929688 0.35882353955901425 0.8638760288085937 0.363520555771725 0.8686985595703125 0.3670789007782101 0.871592078125 0.3518491828793774 0.8701989028320313 0.3350537931258107 0.869234396484375 0.3216744150453956 0.8662337104492187 0.31598106225680933 0.861089677734375 0.3161233962386511 0.8523019545898437 0.3156963949416342 0.8481224282226563 0.31953940791180285 0.84983710546875 0.3306414448767834 0.8499442729492187 0.33747346822308694 0.8504801098632813 0.34629816472114133 0.84983710546875 0.352133850843061
2 0.8101851850585937 0.3652285616083009 0.8092206791992187 0.37604593125810637 0.8107210219726563 0.3791772749675746 0.8156507202148437 0.379888944228275 0.8164008916015625 0.3852976290531777 0.8153292182617188 0.3934106562905318 0.8144718793945313 0.3982500058365758 0.8113640258789062 0.4008120142671855 0.8085776748046875 0.4065053670557717 0.8083633403320313 0.4134797237354086 0.8095421811523438 0.419742411154345 0.8117926953125 0.42330075680933854 0.8142575444335938 0.4094943767833982 0.8190800756835938 0.39426465888456547 0.8246527778320313 0.3848706277561608 0.8312971538085937 0.3820239513618677 0.8344050068359375 0.38914064202334636 0.838691701171875 0.4019506848249027 0.8402992114257812 0.4133373897535668 0.841370884765625 0.4201694130998703 0.842764060546875 0.4251510959792477 0.8452289096679687 0.41305272243839164 0.8455504116210938 0.3976806705577173 0.846836419921875 0.39412232555123217 0.8510159462890625 0.39526099546044097 0.854981138671875 0.3939799915693904 0.854981138671875 0.38430129247730216 0.8524091220703125 0.3670789007782101 0.8489797666015625 0.3586812062256809 0.84372856640625 0.3541265239948119 0.8405135458984375 0.3518491828793774 0.8348336762695312 0.3532725214007782 0.82743912890625 0.35270318612191953 0.8221879287109375 0.34971417574578473 0.8174725649414063 0.3495718424124513 0.8137217080078125 0.3502835110246433 0.8112568588867187 0.35426885797665375 0.8101851850585937 0.3652285616083009