9 0.3911608369140625 0.21421238715953306 0.39158950634765627 0.21663206160830092 0.39459019189453126 0.21677439559014267 0.39737654296875 0.21350071789883268 0.39737654296875 0.2089460356679637 0.3967335390625 0.20780736511024644 0.39448302490234377 0.2096577049286641 0.3935185185546875 0.20794969909208819 0.39448302490234377 0.20709569649805448 0.39684070654296877 0.20609935992217898 0.397055041015625 0.20311034954604412 0.39576903271484376 0.1992673365758755 0.392982681640625 0.19812866601815823 0.3921253427734375 0.20168701167315176 0.3914823388671875 0.20553002464332037 0.39126800390625 0.2102270402075227 0.3911608369140625 0.21421238715953306
9 0.4030564130859375 0.21207738002594034 0.40359224951171874 0.21520872373540856 0.40562842919921877 0.21819773346303503 0.4069144375 0.22204074643320362 0.4084147807617188 0.2213290778210117 0.40766460888671874 0.21549339105058368 0.407986111328125 0.2092307036316472 0.4071287724609375 0.20453368806744487 0.40466392333984375 0.2033950175097276 0.40155606982421876 0.202825682230869 0.40005572705078124 0.20453368806744487 0.39951989013671874 0.20752269779507135 0.4016632373046875 0.2089460356679637 0.4030564130859375 0.21207738002594034
7 0.39866255126953126 0.23399678664072632 0.4036994169921875 0.233854453307393 0.4040209189453125 0.22887276977950713 0.40423525390625 0.2251720907911803 0.4060570986328125 0.22460275551232164 0.404556755859375 0.22004807328145265 0.4019847392578125 0.21791306614785994 0.3982338818359375 0.21848240142671854 0.39716220849609374 0.2218984130998703 0.39748371044921876 0.22659542866407262 0.39748371044921876 0.23100777691309987 0.39866255126953126 0.23399678664072632
5 0.38515946484375 0.22830343450064852 0.3874099794921875 0.22688009597924774 0.386552640625 0.2228947496757458 0.3839806240234375 0.22403342023346304 0.38258744873046874 0.22147141115434502 0.38290895068359376 0.21834006744487677 0.38644547314453126 0.21848240142671854 0.38590963671875 0.21492405577172502 0.38462362841796877 0.2117927120622568 0.3830161181640625 0.21207738002594034 0.3816229423828125 0.21492405577172502 0.37969393017578124 0.21350071789883268 0.3795867626953125 0.21805540012970168 0.38001543212890626 0.22332175097276266 0.38087277099609373 0.22730709792477302 0.38515946484375 0.22830343450064852
7 0.42073902587890627 0.22688009597924774 0.4253472221679688 0.22688009597924774 0.4260973935546875 0.22261008171206226 0.42459705078125 0.2193364040207523 0.4243827158203125 0.21592039299610896 0.4277049038085938 0.2150663897535668 0.426311728515625 0.21165037808041506 0.423954046875 0.20980003891050583 0.42148919775390625 0.2095153709468223 0.4194530180664062 0.21008470622568096 0.41848851171875 0.21392771919584957 0.41848851171875 0.21890940272373538 0.41838134423828127 0.2243180875486381 0.42073902587890627 0.22688009597924774
9 0.435099451171875 0.20837670038910505 0.43456361474609373 0.2127890486381323 0.4342421123046875 0.21634739429312583 0.43606395751953125 0.21720139688715953 0.43895747607421876 0.21734373086900127 0.44077932080078125 0.21648972762645913 0.4399219819335938 0.21350071789883268 0.43960047998046875 0.21036937418936444 0.4403506513671875 0.20723803047989622 0.440564986328125 0.20325268352788586 0.4383144716796875 0.20040600713359275 0.4353137861328125 0.20054834111543451 0.4339206103515625 0.20154467769131001 0.43434927978515625 0.20453368806744487 0.435099451171875 0.20837670038910505
7 0.4404578188476562 0.21392771919584957 0.44088648828125 0.21919407068741892 0.4411008232421875 0.22417575356679637 0.4421724965820312 0.22616842736705575 0.44763803173828126 0.22460275551232164 0.448709705078125 0.2213290778210117 0.448709705078125 0.21549339105058368 0.448709705078125 0.2099423728923476 0.448709705078125 0.20553002464332037 0.44699502734375 0.20311034954604412 0.443994341796875 0.20254101426718546 0.4421724965820312 0.20325268352788586 0.44088648828125 0.2056723579766537 0.440243484375 0.2092307036316472 0.4404578188476562 0.21392771919584957
7 0.446673525390625 0.22716476394293128 0.44678069287109373 0.23356978534370945 0.44624485595703123 0.2369857970168612 0.4522462275390625 0.23712813099870297 0.45610425244140623 0.23584712645914396 0.4556755830078125 0.2285881018158236 0.4559970849609375 0.2237487522697795 0.45867626904296876 0.22047507457846952 0.45696159130859376 0.2176283981841764 0.453425068359375 0.21819773346303503 0.450745884765625 0.21805540012970168 0.447316529296875 0.21890940272373538 0.44485168017578125 0.2237487522697795 0.4441015087890625 0.22673776264591441 0.446673525390625 0.22716476394293128
9 0.450745884765625 0.19784399870298314 0.45085305224609373 0.20168701167315176 0.451388888671875 0.20581469195849547 0.45117455419921876 0.2112233767833982 0.45374657080078123 0.2115080447470817 0.45524691357421876 0.21407005317769132 0.4577117626953125 0.21449705447470818 0.4577117626953125 0.21036937418936444 0.4577117626953125 0.20695336251621274 0.45460390966796876 0.20723803047989622 0.454175240234375 0.20481835538261997 0.45513974609375 0.20140234370946822 0.4567472563476562 0.198271 0.4585691015625 0.19642066018158236 0.45846193408203123 0.19485498832684825 0.456211419921875 0.19485498832684825 0.45374657080078123 0.19271998119325554 0.4516032236328125 0.19457032101167318 0.450745884765625 0.19784399870298314
7 0.45846193408203123 0.209373037613489 0.4626414609375 0.209373037613489 0.4641418037109375 0.2086613683527886 0.46274862841796877 0.20638402723735408 0.4655349794921875 0.20609935992217898 0.46564214697265627 0.20268334824902726 0.46403463671875 0.19869800129701684 0.46103395068359376 0.19741699740596627 0.45867626904296876 0.1977016647211414 0.456211419921875 0.20040600713359275 0.4553540810546875 0.20325268352788586 0.45781893017578124 0.2049606893644617 0.45846193408203123 0.209373037613489
9 0.472500857421875 0.22559909208819715 0.47271519189453126 0.22887276977950713 0.47668038427734377 0.2295844383916991 0.4801097392578125 0.22801876653696498 0.48053840869140624 0.2243180875486381 0.4783950615234375 0.22332175097276266 0.4789308984375 0.22033274059662775 0.480645576171875 0.21976340531776914 0.4807527436523438 0.2150663897535668 0.479252400390625 0.21264671530479895 0.4757158779296875 0.21221971335927367 0.47325102880859377 0.21207738002594034 0.47207218798828127 0.21520872373540856 0.4722865224609375 0.21976340531776914 0.472500857421875 0.22559909208819715
3 0.5018647119140625 0.2105117075226978 0.5022933813476562 0.21677439559014267 0.5035793896484375 0.21947873800259404 0.5076517490234375 0.22047507457846952 0.5115097734375 0.21976340531776914 0.5115097734375 0.21592039299610896 0.5115097734375 0.21364305188067445 0.5138674555664062 0.21378538521400778 0.5121527778320313 0.2095153709468223 0.511188271484375 0.20225634695201036 0.5101165981445313 0.19884033527885864 0.5080804184570312 0.1959936588845655 0.5041152265625 0.1957089915693904 0.5018647119140625 0.19784399870298314 0.500364369140625 0.2033950175097276 0.5004715361328125 0.20809203307392996 0.5018647119140625 0.2105117075226978
9 0.48986196826171874 0.23470845590142672 0.48986196826171874 0.23954780544747084 0.48900462939453126 0.24324848443579766 0.4937199931640625 0.2443871549935149 0.49864969140625 0.24467182295719844 0.49907836083984375 0.2386938028534371 0.49854252392578124 0.23356978534370945 0.4984353564453125 0.23129244422827494 0.4999356997070312 0.22972677237354083 0.5000428666992187 0.22759176523994812 0.49789952001953125 0.22559909208819715 0.49672067919921875 0.2250297568093385 0.4975780180664062 0.2317194455252918 0.49189814794921877 0.2318617795071336 0.4923268173828125 0.22616842736705575 0.4900763032226563 0.22631076070038914 0.4888974624023438 0.22716476394293128 0.48900462939453126 0.23100777691309987 0.48986196826171874 0.23470845590142672
9 0.5029363852539063 0.2413981452658885 0.505079732421875 0.24182514656290532 0.5057227368164062 0.2486571692607004 0.5058299038085937 0.2536388527885862 0.50679441015625 0.2560585278858625 0.5114026064453125 0.2562008612191959 0.515260630859375 0.25548919260700387 0.516653806640625 0.2536388527885862 0.5150462963867187 0.25008050778210117 0.5127957817382812 0.24751849870298312 0.5110811044921875 0.24495649027237354 0.510545267578125 0.2425368158236057 0.514617626953125 0.2428214831387808 0.5154749658203125 0.23997480674448768 0.5151534638671875 0.23527779118028536 0.514296125 0.23214644747081714 0.5115097734375 0.23043844163424124 0.5086162553710938 0.2301537736705577 0.506472908203125 0.2295844383916991 0.5043295610351562 0.23115011089494164 0.5029363852539063 0.23442378793774318 0.50272205078125 0.23783979961089494 0.5029363852539063 0.2413981452658885
7 0.5732381689453125 0.23214644747081714 0.5731310014648437 0.23670112905317767 0.573023833984375 0.24111347730220495 0.5735596708984375 0.24623749481193255 0.5763460219726563 0.24808783398184178 0.5804183813476562 0.24851483592736706 0.5838477368164062 0.24709149740596628 0.58491941015625 0.24396015369649804 0.585240912109375 0.23897847016861218 0.5840620712890625 0.23727046433203633 0.5836334018554687 0.23371211932555125 0.587277091796875 0.23356978534370945 0.58695558984375 0.2295844383916991 0.5856695815429688 0.22545675810635538 0.5824545610351562 0.22232541439688716 0.5795610424804688 0.2211867438391699 0.5763460219726563 0.22175607911802855 0.573666837890625 0.22474508884565497 0.57130915625 0.22787643320363166 0.570344650390625 0.23043844163424124 0.5732381689453125 0.23214644747081714
1 0.5858839165039063 0.24082880998702982 0.5854552470703125 0.24637982814526588 0.5911351166992187 0.24837250194552532 0.5938143002929688 0.245952826848249 0.5932784638671875 0.23812446757457847 0.59306412890625 0.23470845590142672 0.5956361455078125 0.23499312321660182 0.5953146435546876 0.22944210505836576 0.5937071333007813 0.22616842736705575 0.590706447265625 0.2253144241245136 0.5892061044921875 0.2250297568093385 0.5864197529296875 0.22574142542153047 0.5881344306640625 0.23470845590142672 0.5867412553710938 0.2386938028534371 0.5858839165039063 0.24082880998702982
9 0.596493484375 0.2354201251621271 0.5992798354492187 0.23413912062256811 0.6024948559570312 0.23570479247730222 0.6037808642578125 0.2386938028534371 0.6062457133789062 0.23897847016861218 0.6060313784179687 0.23670112905317767 0.604638203125 0.23613179377431906 0.6037808642578125 0.2334274513618677 0.6034593623046876 0.23100777691309987 0.6054955419921875 0.2334274513618677 0.6066743828125 0.23371211932555125 0.6064600478515625 0.22944210505836576 0.6061385458984375 0.2251720907911803 0.604316701171875 0.22317941699092086 0.602923525390625 0.22559909208819715 0.6007801782226563 0.22588375940337224 0.5999228393554688 0.2237487522697795 0.6003515087890625 0.22161374513618676 0.5973508232421875 0.22232541439688716 0.5956361455078125 0.2243180875486381 0.5962791494140625 0.2285881018158236 0.596493484375 0.2354201251621271
9 0.6350737309570312 0.23598946044098576 0.6364669067382812 0.23442378793774318 0.6360382373046874 0.2419674805447471 0.6398962622070312 0.2435331523994812 0.6437542866210938 0.2435331523994812 0.6455761318359375 0.2428214831387808 0.6448259604492188 0.23897847016861218 0.6454689643554687 0.23513545719844356 0.6460048012695313 0.23072310894941633 0.6445044580078125 0.22915743709468223 0.6435399521484375 0.23371211932555125 0.6413966049804688 0.23442378793774318 0.6407536005859376 0.22986910635538263 0.6397890947265625 0.22645309468223088 0.636895576171875 0.22616842736705575 0.6349665639648437 0.22844576783398185 0.6340020576171875 0.23200411348897534 0.6350737309570312 0.23598946044098576
9 0.6311085390625 0.2522155149156939 0.6321802124023438 0.24808783398184178 0.6330375512695312 0.24467182295719844 0.6323945473632813 0.24040180804150454 0.6310013715820313 0.23954780544747084 0.6278935185546874 0.24097114332036315 0.6258573388671875 0.23840913488975357 0.6245713305664062 0.24339081841763943 0.6244641630859376 0.25022284111543447 0.6280006860351562 0.2522155149156939 0.6311085390625 0.2522155149156939
8 0.6120327504882812 0.25548919260700387 0.6149262690429688 0.2562008612191959 0.6181412895507813 0.25847820233463037 0.6203918037109375 0.2593322055771725 0.6203918037109375 0.2540658540856031 0.6228566528320313 0.2542081880674449 0.6228566528320313 0.24637982814526588 0.6204989711914063 0.2435331523994812 0.61953446484375 0.24623749481193255 0.6177126201171875 0.24652216212710767 0.6163194443359375 0.2431061504539559 0.6146047666015625 0.24054414202334629 0.611068244140625 0.24267914915693906 0.60935356640625 0.24780316666666666 0.61138974609375 0.24993817380025943 0.6120327504882812 0.25548919260700387
1 0.33061128271484375 0.2934923203631647 0.33350480126953125 0.29363465369649805 0.3338263032226563 0.303455686770428 0.3337191357421875 0.31085704539559017 0.338005830078125 0.3102877101167315 0.3432570302734375 0.3087220382619974 0.348186728515625 0.3054483605706874 0.34647205078125 0.300182009079118 0.34754372412109374 0.29733533333333334 0.346150548828125 0.29050330998702983 0.3495799038085938 0.2890799721141375 0.3484010629882813 0.28210561543450063 0.3454003774414062 0.2784049364461738 0.3421853564453125 0.276981597924773 0.3421853564453125 0.2799706083009079 0.33993484228515625 0.2825326167315175 0.33822016455078124 0.27982827431906615 0.3367198217773438 0.2781202684824903 0.333933470703125 0.2808246108949416 0.33093278466796877 0.2842406225680934 0.33018261328125 0.28865297081712066 0.33061128271484375 0.2934923203631647
9 0.1937585732421875 0.3481485038910506 0.196652091796875 0.3480061699092088 0.1975094306640625 0.3531301874189364 0.19847393701171875 0.3591082075226978 0.1997599453125 0.36266655252918284 0.20340363525390626 0.36252421919584954 0.20640432080078125 0.360246878080415 0.2097265087890625 0.3579695369649805 0.21047668017578125 0.35469585927367053 0.2100480107421875 0.3507105123216602 0.20865483544921876 0.3480061699092088 0.2080118310546875 0.3448748261997406 0.2080118310546875 0.34174348249027237 0.21015517822265625 0.3388968060959793 0.20865483544921876 0.33419979053177695 0.20651148828125 0.33007210959792477 0.20490397802734375 0.3287911057068742 0.20233196142578125 0.3299297762645914 0.20201045947265625 0.33178011543450064 0.20040294921875 0.33377278923476006 0.1968664267578125 0.33234945071335925 0.1951517490234375 0.3346267918287938 0.19365140625 0.33861213878080415 0.19365140625 0.34444782490272374 0.1937585732421875 0.3481485038910506
9 0.2169067216796875 0.31270738456549935 0.21744255810546875 0.317831402075227 0.218407064453125 0.3216744150453956 0.2195859052734375 0.33007210959792477 0.21947873779296875 0.33576546238651106 0.219050068359375 0.3403201446173801 0.2213005830078125 0.33875447211413745 0.22483710546875 0.337758135538262 0.225908779296875 0.3350537931258107 0.2256944443359375 0.3282217704280156 0.2256944443359375 0.32224375032425423 0.2241941015625 0.31897007263294425 0.22494427294921876 0.3149847256809339 0.22548010986328124 0.3102877101167315 0.2256944443359375 0.3065870311284047 0.2230152607421875 0.3040250220492866 0.22205075439453126 0.30786803501945526 0.22022890966796874 0.30914903955901424 0.21744255810546875 0.3090067055771725 0.2169067216796875 0.31270738456549935
9 0.22719478759765624 0.32267075162127107 0.22848079541015626 0.3242364234760052 0.228587962890625 0.32907577302204927 0.22987397119140626 0.33434212451361867 0.2323388203125 0.33761580220492865 0.2352323388671875 0.33903914007782104 0.23951903271484376 0.337758135538262 0.24230538427734374 0.33605012970168613 0.24209104931640624 0.32736776718547345 0.24091220849609374 0.3215320810635538 0.24294838818359374 0.3166927315175097 0.2413408779296875 0.31313438651102465 0.2349108369140625 0.30943370687418936 0.2331961591796875 0.31171104798962385 0.2300883056640625 0.31085704539559017 0.22751628955078124 0.31213804928664074 0.2256944443359375 0.31583872892347603 0.2250514404296875 0.31953940791180285 0.22719478759765624 0.32267075162127107
8 0.2587019892578125 0.33377278923476006 0.25752314794921877 0.33647713164721144 0.25880915625 0.34359382230869 0.260523833984375 0.3478638365758755 0.26416752392578124 0.3465828320363165 0.26352452001953125 0.34017781063553826 0.2634173525390625 0.33491145979247733 0.2660965361328125 0.334484457846952 0.2662037036132813 0.3413164811932555 0.2674897119140625 0.3388968060959793 0.26652520556640624 0.3319224494163424 0.2627743486328125 0.32907577302204927 0.2651320302734375 0.32480575875486384 0.26416752392578124 0.3219590823605707 0.26331018505859377 0.32053574448767835 0.2613811728515625 0.3193970739299611 0.2603094995117187 0.32480575875486384 0.25945216064453125 0.33007210959792477 0.2587019892578125 0.33377278923476006
9 0.2709190673828125 0.34074714591439687 0.2713477368164062 0.34757916861219196 0.2712405693359375 0.3548381932555123 0.2759559326171875 0.3552651945525292 0.280242626953125 0.3536995226977951 0.28238597412109373 0.3507105123216602 0.2814214677734375 0.34217048378728926 0.28056412890625 0.33391512256809336 0.2806712963867187 0.331210780155642 0.2817429697265625 0.33021444357976654 0.28120713330078123 0.3255174280155642 0.2795996225585938 0.32324008690012973 0.2771347734375 0.32309775291828796 0.27638460205078125 0.3258020953307393 0.2743484223632813 0.32751010116731516 0.272097908203125 0.32807943644617377 0.266953875 0.32850643774319066 0.26834705078125 0.3351961271076524 0.2701688955078125 0.33533846108949417 0.2709190673828125 0.34074714591439687
2 0.8459848735351563 0.2700495564202335 0.8532838393554687 0.2695879332036316 0.8588449560546875 0.2705111796368353 0.8560643979492187 0.2852831212710765 0.8571071069335937 0.2949772081712062 0.8518935600585937 0.3097491498054475 0.8494605717773438 0.3208281057068742 0.856759537109375 0.32913732295719844 0.8682293403320313 0.33790816342412455 0.8796991435546875 0.3388314098573281 0.8890835278320313 0.3388314098573281 0.8890835278320313 0.32175135214007783 0.8936019350585938 0.2922074688715953 0.897425203125 0.2742041653696498 0.8988154819335937 0.2631252088197147 0.8925592260742188 0.25527761543450067 0.8793515737304688 0.24881489040207522 0.8651012124023437 0.24604515175097277 0.8564119672851562 0.24558352853437093 0.8442470249023437 0.24973813683527885 0.8432043154296875 0.25897060051880677 0.8459848735351563 0.2700495564202335
2 0.7855077299804688 0.27558903501945525 0.7886358579101562 0.28205175940337224 0.786550439453125 0.2991318164721141 0.791763986328125 0.3069794105058366 0.8011483706054687 0.31251888845654996 0.8028862197265625 0.3028248022049287 0.804624068359375 0.2945155849546044 0.8133133134765625 0.2991318164721141 0.8181792905273437 0.2977469468223087 0.8181792905273437 0.2783587736705577 0.8153987319335938 0.26820306420233464 0.8084473364257813 0.2580473540856031 0.8014959404296875 0.25481599221789886 0.791763986328125 0.25296949935149154 0.7844650205078125 0.2580473540856031 0.7775136245117188 0.26220196303501947 0.781336892578125 0.27189604928664074 0.7855077299804688 0.27558903501945525
9 0.8199171391601563 0.28297500583657587 0.819222 0.30051668612191956 0.8237404072265625 0.3092875265888456 0.834862640625 0.3162118741893645 0.8484178623046875 0.3171351206225681 0.8522411298828125 0.30328642542153045 0.8546741186523438 0.28897610700389104 0.8553692583007813 0.273742542153048 0.849113001953125 0.27235767250324255 0.8400761875 0.2663565713359274 0.8338199311523438 0.2612787166018158 0.8345150708007812 0.24973813683527885 0.82964909375 0.24558352853437093 0.823045267578125 0.24696839818417637 0.8167890112304688 0.26174033981841766 0.8167890112304688 0.267279817769131 0.8199171391601563 0.28297500583657587
7 0.4846339833984375 0.4461896108949416 0.4864803930664062 0.45044886964980546 0.48910423876953124 0.45070700648508427 0.48920141796875 0.4553534708171206 0.4904647509765625 0.45987086640726327 0.4904647509765625 0.46632428858625163 0.4929914169921875 0.4650336037613489 0.49532372412109377 0.46025807133592733 0.49882218505859377 0.45612788132295723 0.5010573125 0.45432092282749675 0.5012516713867188 0.44567333722438396 0.5012516713867188 0.44115594163424127 0.5040698759765625 0.43767109403372245 0.5056247475585938 0.43444438261997403 0.5056247475585938 0.430056055771725 0.5039726962890625 0.4254095914396887 0.49746167236328126 0.42631307068741897 0.4929914169921875 0.4267002762645914 0.4886183413085938 0.4294107133592737 0.48696629052734375 0.43225021919584955 0.48580013671875 0.4375420252918288 0.48434244482421873 0.4419303527885862 0.4846339833984375 0.4461896108949416
7 0.471417576171875 0.5015599734111543 0.4753047548828125 0.5023343845654993 0.4768596259765625 0.4992367418936446 0.4770539853515625 0.49665537289234757 0.4787060361328125 0.49949487872892345 0.48006654833984375 0.502850658236057 0.47977501025390623 0.5069808482490272 0.4786088564453125 0.5103366277561608 0.478220138671875 0.5127889280155642 0.47909475390625 0.5173063236057068 0.4830791118164062 0.5231144040207523 0.488326802734375 0.5249213618677042 0.4946434677734375 0.5232434721141375 0.5000855180664062 0.5193714189364461 0.5057219267578125 0.5142086809338522 0.5085401313476563 0.5071099169909209 0.5075683364257813 0.49846233073929963 0.5043614145507812 0.4908472924773022 0.5043614145507812 0.48826592412451364 0.5030980810546875 0.48594269195849543 0.5000855180664062 0.4867171024643321 0.4971701337890625 0.48361945979247734 0.49493500634765625 0.4803927490272374 0.49367167333984374 0.4760044215304799 0.4904647509765625 0.4707126154345006 0.4862860341796875 0.4703254105058366 0.4820101376953125 0.4705835473411154 0.4794834716796875 0.47213236835278855 0.476568087890625 0.4748428054474709 0.47579065234375 0.47729510635538264 0.47423578076171874 0.4796183378728923 0.4716119350585937 0.4815543651102464 0.469862705078125 0.48374852853437095 0.469668345703125 0.48852406095979245 0.46995988427734375 0.4936867983138781 0.46995988427734375 0.49859139948119324 0.471417576171875 0.5015599734111543
2 0.4524675810546875 0.5939729798962387 0.45392527294921875 0.599651990920882 0.45810398974609373 0.5969415538261997 0.46412911669921875 0.592682295071336 0.46325450146484376 0.5879067626459145 0.460436296875 0.581711477302205 0.4582983486328125 0.5774522185473411 0.45382809326171875 0.579646382619974 0.45188450439453126 0.5823568197146564 0.45178732470703126 0.5875195577172503 0.4524675810546875 0.5939729798962387
2 0.4203011787109375 0.6130751095979248 0.41981528125 0.618366915693904 0.4227306650390625 0.6203029422827496 0.4270065615234375 0.6210773527885862 0.43021348388671876 0.6195285317769131 0.4368216875 0.6155274098573281 0.44284681396484377 0.6108809455252918 0.449455017578125 0.6046856601815824 0.45188450439453126 0.6012008125810635 0.45207886328125 0.5944892535667964 0.45013527392578123 0.5933276374837873 0.44527630078125 0.5966834169909209 0.44129194287109375 0.6013298806744488 0.4380850205078125 0.6030077704280156 0.43526681591796873 0.6030077704280156 0.4303106630859375 0.600813607003891 0.42807553564453127 0.5955218009079118 0.42729810009765623 0.5929404319066148 0.42389681884765623 0.5946183216601816 0.4218560498046875 0.5995229228274968 0.42098143505859376 0.606234481841764 0.4203011787109375 0.6130751095979248
9 0.25197723779296877 0.7314178761348898 0.252379115234375 0.737822897535668 0.25412058447265623 0.7431604156939041 0.25787144189453126 0.7483200162127107 0.26523919775390625 0.7499212717250323 0.2693919326171875 0.7554367068741893 0.272606953125 0.7605963073929961 0.27475030029296876 0.7661117425421531 0.2743484223632813 0.7746517717250325 0.27408050390625 0.7860384766536965 0.27809927978515625 0.7906643255512322 0.28265389208984376 0.7944005875486381 0.28787830078125 0.7967135123216602 0.31065136328125 0.7205649228274967 0.309579689453125 0.710601555771725 0.30529299560546874 0.7025952788586252 0.301810056640625 0.696724009079118 0.29149519873046875 0.6965460920881972 0.2748842592773437 0.6979694299610895 0.2719371572265625 0.7001044377431906 0.26724858544921876 0.7059757068741894 0.26081854443359376 0.715939073929961 0.254790380859375 0.720920757457847 0.25197723779296877 0.7314178761348898
9 0.16624335546875 0.3124227172503243 0.168520662109375 0.3010360123216602 0.1706640087890625 0.3010360123216602 0.1694583759765625 0.3081527029831388 0.1679848251953125 0.3143798073929961 0.171199845703125 0.3138460551232166 0.173879029296875 0.3106435447470817 0.173879029296875 0.3035268540856031 0.17267339697265624 0.2969439150453956 0.1717356826171875 0.2903609766536965 0.1693244169921875 0.28769221725032423 0.1669131513671875 0.2889376381322957 0.16597543701171874 0.2926739007782101 0.16651127392578124 0.29818933592736707 0.16597543701171874 0.3061956128404669 0.16624335546875 0.3124227172503243
7 0.140657150390625 0.303704771076524 0.1419967421875 0.30655144747081714 0.1419967421875 0.3111772963683528 0.1453457216796875 0.3122447996108949 0.1504361708984375 0.3102877101167315 0.15137388525390624 0.306729364461738 0.15123992626953126 0.2994347568093385 0.15057013037109376 0.2940972386511025 0.1490965791015625 0.2900051420233463 0.1477569873046875 0.2903609766536965 0.14628343603515626 0.292851817769131 0.143336333984375 0.2924959837872892 0.14186278271484376 0.2905388936446174 0.13985339501953126 0.2924959837872892 0.13864776220703126 0.29676599805447473 0.138245884765625 0.30228143320363166 0.140657150390625 0.303704771076524
9 0.1527134775390625 0.303704771076524 0.1533832734375 0.3101097924773022 0.1552587021484375 0.31295646887159534 0.1565982939453125 0.3072631167315175 0.15700017138671876 0.3001464260700389 0.15887560009765625 0.3005022607003891 0.15807184521484374 0.3126006342412451 0.16088498779296875 0.30975395849546045 0.15967935546875 0.303704771076524 0.15954539599609374 0.29747766666666664 0.15766996728515625 0.2937414046692607 0.15566057958984375 0.2926739007782101 0.15485682421875 0.29605432879377436 0.15552662060546876 0.30174768158236054 0.15378515087890626 0.3028151848249027 0.1527134775390625 0.303704771076524
7 0.06751543212890625 0.4855362159533074 0.0704625341796875 0.4809103670557718 0.0742133916015625 0.47806369066147864 0.08037551416015624 0.4785974429312581 0.08519804541015626 0.4746832626459144 0.083858453125 0.4700574137483787 0.08198302490234376 0.47112491763942926 0.0779642490234375 0.47343784176394293 0.07702653466796874 0.46916782749675745 0.0754190244140625 0.4600940473411154 0.071132330078125 0.4567136193255512 0.06684563623046876 0.4584927918287938 0.064836248046875 0.4640082269779507 0.06188914599609375 0.472726173151751 0.05840620703125 0.4821557879377432 0.06108539111328125 0.48482454669260705 0.06751543212890625 0.4855362159533074
7 0.06738147314453125 0.4435477412451362 0.07059649365234374 0.44087898249027235 0.073543595703125 0.44141273411154347 0.07568694287109375 0.44603858300907917 0.0779642490234375 0.4472840038910506 0.07970571826171875 0.44265815499351496 0.0785000859375 0.4339402088197147 0.0748831875 0.4268235188067445 0.07140024853515625 0.42166391763942934 0.06939086083984375 0.4200626627756161 0.0664437587890625 0.41952891050583657 0.0653720849609375 0.42148600064850844 0.0641664521484375 0.4264676841763943 0.064568330078125 0.43447396108949415 0.06630979931640625 0.4398114785992218 0.06738147314453125 0.4435477412451362
9 0.08265282080078125 0.41259013748378726 0.08198302490234376 0.417749738002594 0.0818490654296875 0.42468851102464333 0.08211698388671874 0.4291364429312581 0.08466220849609375 0.4289585259403372 0.08667159619140626 0.43607521660181586 0.0874753515625 0.4439035758754864 0.0880111884765625 0.4472840038910506 0.0931016376953125 0.447995673151751 0.0983260458984375 0.4453269143968872 0.098995841796875 0.4421244033722438 0.095244984375 0.43607521660181586 0.0944412294921875 0.43109353307392995 0.09484310693359375 0.42700143579766536 0.09805812744140625 0.42397684241245137 0.09685249462890624 0.41739390337224386 0.09497706640625 0.4122343028534371 0.0918960048828125 0.40938762645914395 0.09042245361328125 0.4088538748378729 0.08921682080078125 0.4100992957198443 0.088814943359375 0.41508097924773024 0.08600180029296875 0.417749738002594 0.083858453125 0.4149030616083009 0.08265282080078125 0.41259013748378726
9 0.05050261474609375 0.4535111083009079 0.0526459619140625 0.4592044604409858 0.05599494189453125 0.46792240661478596 0.05854016650390625 0.4688119928664073 0.06309477880859375 0.458848626459144 0.0602816357421875 0.4503085972762646 0.05813828857421875 0.44159065175097273 0.057066615234375 0.43767647146562905 0.05478930908203125 0.43785438910505836 0.05117241064453125 0.4373206368352789 0.04929698193359375 0.4423023203631647 0.04916302294921875 0.447995673151751 0.05050261474609375 0.4535111083009079
9 0.106631515625 0.44336982425421534 0.1058277607421875 0.44852942477302205 0.10877486279296875 0.453333191309987 0.11332947509765624 0.46151738521400776 0.1160086591796875 0.4577811225680934 0.11587469970703125 0.453333191309987 0.11292759765625 0.4456827483787289 0.111588005859375 0.44141273411154347 0.111454046875 0.434118126459144 0.1095786181640625 0.42789102204928664 0.10636359716796875 0.4266456011673152 0.10515796484375 0.4302039468223087 0.10435420947265625 0.43625313359273665 0.1046221279296875 0.44159065175097273 0.106631515625 0.44336982425421534