7 0.1408709931640625 0.31120178015564204 0.14688809619140625 0.30994819844357974 0.14759599072265625 0.30477717185473413 0.148303884765625 0.2972556783398184 0.14712406103515624 0.2886373009079118 0.14547230712890624 0.2876971141374838 0.14452844775390625 0.29239804734111546 0.1414609052734375 0.2922413495460441 0.13957318701171875 0.28926409208819714 0.135443802734375 0.2934949319066148 0.13556178515625 0.3013298203631647 0.13685959130859374 0.306814242542153 0.1408709931640625 0.31120178015564204
9 0.13060652392578126 0.3372136108949416 0.13225827783203126 0.33501984241245136 0.13131441845703126 0.32859523346303504 0.133556083984375 0.32843853566796366 0.13414599609375 0.3345497490272374 0.13662362646484374 0.33141579312581065 0.13556178515625 0.3238943002594034 0.12978064697265626 0.31840987808041504 0.1287188056640625 0.32295411348897535 0.12978064697265626 0.32875193125810637 0.12919073486328125 0.33219928210116734 0.13060652392578126 0.3372136108949416
9 0.11916223046875 0.3511597127107653 0.1212859140625 0.348965944228275 0.11739249462890625 0.3459886861219196 0.11621267041015625 0.3416011485084306 0.118336353515625 0.34081765953307397 0.12104994921875 0.34645877950713355 0.11774644189453125 0.3326693754863813 0.11444293408203125 0.33125909533073933 0.11444293408203125 0.3381537976653697 0.1120832861328125 0.3389372866407263 0.11408898681640625 0.349906130998703 0.11916223046875 0.3511597127107653
9 0.10653811279296875 0.4081977029831388 0.10736398974609375 0.41336872957198445 0.10512232421875 0.4174428715953307 0.10665609521484375 0.420576826848249 0.10960565576171875 0.4290385071335927 0.1130271455078125 0.42496436446173796 0.1109034619140625 0.4110182626459144 0.10783591943359375 0.39863913878080415 0.11019556787109375 0.39550518287937747 0.1106674970703125 0.3892372723735409 0.10795390185546876 0.3887671789883268 0.10665609521484375 0.3920578320363165 0.1039425 0.39346811219195854 0.10417846484375 0.3962886718547341 0.09910522119140625 0.39425160116731517 0.0985153095703125 0.3983257431906615 0.0986332919921875 0.40318337418936445 0.10205478173828125 0.40114630285343705 0.10417846484375 0.40318337418936445 0.10653811279296875 0.4081977029831388
9 0.10417846484375 0.44517837743190664 0.1063021484375 0.44831233333333337 0.105004341796875 0.4393805596627756 0.10807188427734375 0.438440373540856 0.10936969091796875 0.4523864753566796 0.11007758544921875 0.4575575019455253 0.11420696923828125 0.4548936394293126 0.11727451220703125 0.45144628858625163 0.1126731982421875 0.43953725745784694 0.10913372607421876 0.4315456712062257 0.1053582890625 0.4218304092088197 0.09993109814453124 0.4210469202334631 0.0987512744140625 0.42794162256809337 0.10075697509765626 0.43765688456549934 0.10417846484375 0.44517837743190664
9 0.12199380810546875 0.44314130674448765 0.1265951220703125 0.43953725745784694 0.12517933349609375 0.4274715291828794 0.12281968505859375 0.4193232451361868 0.119870125 0.4118017516212711 0.11668460009765624 0.41070486705577175 0.11503284619140625 0.4128986361867704 0.11444293408203125 0.42230050259403373 0.11526881103515625 0.432642555771725 0.11751047705078126 0.4429846089494163 0.12199380810546875 0.44314130674448765
7 0.1409889755859375 0.3886104811932555 0.1411069580078125 0.3933114143968872 0.1418148525390625 0.40381016536964986 0.1434666064453125 0.4127419383916991 0.14511835986328125 0.4147790090791181 0.149011779296875 0.4130553339818418 0.15278721630859374 0.409921378080415 0.15266923388671874 0.4041235609597925 0.149247744140625 0.4006762094682231 0.148067919921875 0.3961319740596628 0.148539849609375 0.3909609474708171 0.15219730419921876 0.38704350324254216 0.150427568359375 0.3843796413748378 0.148303884765625 0.3837528501945525 0.14653414892578126 0.3876702944228275 0.14417450048828126 0.38845378339818415 0.1427587119140625 0.38673010765239946 0.1409889755859375 0.3886104811932555
7 0.15278721630859374 0.4212036180285344 0.15290519873046876 0.43060548443579766 0.1573885302734375 0.432642555771725 0.16269773828125 0.4295085998702983 0.1662372109375 0.43671669779507133 0.16977668310546876 0.435619813229572 0.16989466552734375 0.43232916018158235 0.16718106982421874 0.4252777600518807 0.16316966796875 0.4091378897535668 0.1588043193359375 0.40130300064850843 0.1551468642578125 0.40553384046692603 0.15361309326171874 0.4064740272373541 0.15290519873046876 0.4116450538261997 0.15278721630859374 0.4212036180285344
9 0.2175595576171875 0.33219928210116734 0.222868765625 0.33047560635538265 0.22239683642578126 0.3162161089494163 0.22546437890625 0.31668620233463035 0.223694642578125 0.30775442931258107 0.22133499462890624 0.30493386964980546 0.21921131103515626 0.2997628430609598 0.2180314873046875 0.29929274967574576 0.2163797333984375 0.30556066018158234 0.21307622607421875 0.30650084695201035 0.2157898212890625 0.322797415693904 0.2175595576171875 0.33219928210116734
9 0.225346396484375 0.3141790382619974 0.22652622021484375 0.31715629571984433 0.22629025537109376 0.3231108112840467 0.22723411474609376 0.3342363534370947 0.2320713935546875 0.3347064468223087 0.2321893759765625 0.31872327367055775 0.23431305908203126 0.316059411154345 0.23513893603515626 0.3245210914396887 0.23419507666015624 0.333452864461738 0.23631876025390625 0.33219928210116734 0.23596481298828126 0.31966346044098576 0.23454902392578125 0.31198526913099867 0.2318354287109375 0.3061874513618677 0.2299477099609375 0.3052472652399481 0.22794200927734376 0.30932140726329443 0.22546437890625 0.3090080116731518 0.224638501953125 0.3082245226977951 0.225346396484375 0.3141790382619974
9 0.2461112998046875 0.3483391530479896 0.24858893017578124 0.3478690596627756 0.2476450712890625 0.3326693754863813 0.24906085986328125 0.33141579312581065 0.25094857861328124 0.33486314461738004 0.25118454345703123 0.3473989662775616 0.255077962890625 0.344578406614786 0.25083059619140624 0.32467778923476004 0.2478810361328125 0.31715629571984433 0.2457573525390625 0.31574601556420234 0.24363366943359374 0.3198201582360571 0.24386963427734376 0.3298488158236057 0.2456393701171875 0.34081765953307397 0.2461112998046875 0.3483391530479896
9 0.2613310302734375 0.3190366692607004 0.26392664306640623 0.31746969130998703 0.26392664306640623 0.32655816212710764 0.2655783969726562 0.32420769584954606 0.26392664306640623 0.31041829118028536 0.2609770830078125 0.30728433592736704 0.25967927685546877 0.3115151757457847 0.2610950654296875 0.3180964824902724 0.25814550537109376 0.3151192250324254 0.25731962841796874 0.31026159403372244 0.256021822265625 0.3097915006485084 0.25543191015625 0.3190366692607004 0.25743761083984373 0.3309456997405966 0.2615669951171875 0.33016221076523994 0.2613310302734375 0.3190366692607004
9 0.270769623046875 0.32326750907911805 0.27135953466796875 0.32859523346303504 0.27265734130859376 0.33611672632944234 0.2738371655273438 0.34128775291828795 0.27891040869140626 0.3409743573281453 0.27879242626953127 0.33251267769131 0.2772586552734375 0.3273416511024643 0.2802082153320313 0.325304579766537 0.27891040869140626 0.3182531802853437 0.2760788310546875 0.3146491316472114 0.27442707763671875 0.32107373994811933 0.2747810244140625 0.3273416511024643 0.2736012006835937 0.32859523346303504 0.270769623046875 0.32326750907911805
5 0.3600823046875 0.22956223994811933 0.3664533544921875 0.23097251945525293 0.36255993505859374 0.22094386186770426 0.3645656357421875 0.22016037354085605 0.3665713369140625 0.22517470233463033 0.3658634423828125 0.21749651102464332 0.36173405810546877 0.21624292866407263 0.35843055078125 0.216869719844358 0.35689677978515627 0.2195335823605707 0.35772265625 0.22204074643320362 0.359256427734375 0.22188404863813227 0.3600823046875 0.22956223994811933
7 0.3837967680664062 0.24225475940337227 0.3876901875 0.2402176887159533 0.387572205078125 0.2330095907911803 0.38934194140625 0.229875635538262 0.38662834619140624 0.22439121335927367 0.38332483837890624 0.223137630998703 0.3804932607421875 0.22376442217898831 0.3794314189453125 0.22736847081712064 0.3814371201171875 0.2330095907911803 0.3808472080078125 0.23943419974059663 0.3837967680664062 0.24225475940337227
9 0.38674632861328123 0.22031707133592737 0.3872182578125 0.22329432879377434 0.38934194140625 0.2259581906614786 0.3963029033203125 0.22517470233463033 0.39311737841796873 0.2159295337224384 0.3948871142578125 0.21483264915693906 0.39252746630859375 0.20731115564202335 0.387808169921875 0.20637096887159534 0.3853305395507812 0.20856473800259404 0.38592045166015626 0.2151460447470817 0.38674632861328123 0.22031707133592737
7 0.4321695546875 0.22940554215304798 0.43523709765625 0.2276818664072633 0.4364169213867187 0.22188404863813227 0.43594499169921874 0.21859339559014265 0.43877656982421875 0.21796660440985735 0.43830464013671877 0.21185539105058365 0.4366528862304688 0.20903483138780804 0.43358534375 0.20809464461738 0.42992788916015623 0.20919152918287937 0.42910201220703126 0.21357906679636837 0.43087174853515625 0.22063046692607002 0.4315796430664062 0.22642828404669263 0.4321695546875 0.22940554215304798
7 0.4379506928710937 0.23943419974059663 0.4410182353515625 0.23724043060959793 0.44314191845703127 0.23191270622568094 0.44632744384765627 0.23128591504539558 0.44561954931640624 0.235203359922179 0.4413721826171875 0.24037438651102466 0.44561954931640624 0.24100117704280155 0.447271302734375 0.2406877821011673 0.44668139111328126 0.2290921465629053 0.44538358447265625 0.22298093320363163 0.4429059541015625 0.22188404863813227 0.43877656982421875 0.2214139552529183 0.4365349038085938 0.22439121335927367 0.43570902685546875 0.22893544876783398 0.43712481591796876 0.22971893774319066 0.4379506928710937 0.23943419974059663
9 0.494464265625 0.26121519001297017 0.5020151396484375 0.2613718878080415 0.5053186469726563 0.2618419811932555 0.5044927700195313 0.24977625291828795 0.5075603125 0.24758248378728925 0.507206365234375 0.24319494617380025 0.5036668930664062 0.23645694163424125 0.4994195263671875 0.2358301504539559 0.4930484765625 0.23488996433203632 0.4876212861328125 0.2397475953307393 0.4890370747070312 0.24413513294422826 0.4916326875 0.24366503955901428 0.494464265625 0.26121519001297017
7 0.5743383544921875 0.23786722178988326 0.5755181787109375 0.2397475953307393 0.5777598442382812 0.23818061738002594 0.5763440556640625 0.23269619520103763 0.5736304604492187 0.22877875097276265 0.569501076171875 0.22658498184176395 0.5660795864257813 0.22658498184176395 0.5638379204101562 0.2276818664072633 0.5644278325195312 0.24852267055771723 0.5719787065429688 0.24993295071335928 0.5751642314453125 0.24852267055771723 0.5743383544921875 0.23786722178988326
9 0.4799524296875 0.3931547166018158 0.4771208515625 0.4045936543450065 0.47971646484375 0.40678742282749675 0.4812502358398438 0.4143089163424124 0.48349190185546875 0.4229272937743191 0.4843177783203125 0.42982199546044103 0.4847897080078125 0.43671669779507133 0.48868312744140624 0.44079083981841766 0.494346283203125 0.4415743287937743 0.5004813681640625 0.4387537691309987 0.5026050517578124 0.43514971984435796 0.49812172021484374 0.42590455123216603 0.495054177734375 0.41697277821011675 0.4994195263671875 0.41618928923476 0.5002454033203125 0.4127419383916991 0.4995375087890625 0.40130300064850843 0.49635198388671875 0.3944082989623865 0.492576546875 0.3922145298313878 0.49045286376953123 0.3939382055771725 0.4871493564453125 0.4006762094682231 0.48325593701171876 0.3978556498054475 0.4826660249023437 0.39597527626459145 0.4799524296875 0.3931547166018158
9 0.506970400390625 0.4658624837872892 0.4997734736328125 0.47510765239948116 0.5009532978515625 0.47949519001297014 0.5041388227539062 0.4820023547341115 0.5075603125 0.4798085856031128 0.508386189453125 0.48576310116731514 0.50826820703125 0.4920310123216602 0.509566013671875 0.4957917587548638 0.506734435546875 0.49532166536964983 0.5062625063476562 0.5001792963683528 0.508150224609375 0.5055070207522697 0.5121616264648438 0.5100512561608301 0.5174708349609375 0.5105213495460441 0.522426095703125 0.5078574876783398 0.5278532866210938 0.5023730654993515 0.5308028466796875 0.49594845654993513 0.5311567939453125 0.49062073216601815 0.5308028466796875 0.48262914591439693 0.5308028466796875 0.4722870927367056 0.5312747763671875 0.4657057859922179 0.5284431987304687 0.4608481549935149 0.523133990234375 0.4594378748378729 0.5201844301757812 0.4639821108949416 0.5134594331054687 0.463198621919585 0.5103918901367187 0.4657057859922179 0.506970400390625 0.4658624837872892
2 0.47877260546875 0.5769612062256809 0.48349190185546875 0.5757076238651103 0.4877392685546875 0.5713200862516213 0.4872673388671875 0.5667758508430609 0.48844716259765625 0.5608213352788587 0.4851436552734375 0.555180215304799 0.48136821826171877 0.557530682230869 0.479362517578125 0.5650521750972763 0.478418658203125 0.5717901796368353 0.47877260546875 0.5769612062256809
2 0.44974893359375 0.6031297347600519 0.462609015625 0.5932577749675746 0.462019103515625 0.5858929792477302 0.4587155961914062 0.5811920460440986 0.4547041943359375 0.580408557068742 0.4509287573242188 0.5824456284046693 0.449394986328125 0.5893403300907912 0.449394986328125 0.5963917302204929 0.44974893359375 0.6031297347600519
2 0.41612394775390626 0.6057935966277562 0.42131517333984375 0.6062636900129702 0.4206072788085938 0.6153521608300908 0.42143315576171875 0.6264777029831388 0.434647185546875 0.6167624409857329 0.448569109375 0.6048534098573282 0.447979197265625 0.5926309837872893 0.44762525 0.5835425123216602 0.4460914790039063 0.5810353482490273 0.4399563935546875 0.5815054416342412 0.4418441123046875 0.5898104234760052 0.4430239360351563 0.5998390810635539 0.4424340244140625 0.6054802010376135 0.43677086865234377 0.6078306679636836 0.43146166064453123 0.6084574584954604 0.4259164873046875 0.6056368988326849 0.4206072788085938 0.5981154059662775 0.418011666015625 0.5893403300907912 0.41435421142578127 0.5893403300907912 0.41341035205078125 0.5945113566796368 0.41459017626953126 0.6023462457846952 0.41612394775390626 0.6057935966277562
9 0.25838147021484376 0.7214365544747082 0.25448805078125 0.7215932522697796 0.24965077197265625 0.735539354085603 0.25201042041015626 0.7461948028534371 0.25897138232421874 0.7510524338521402 0.26699418603515623 0.7541863891050584 0.27183146435546873 0.7613944870298314 0.2756069013671875 0.769542771076524 0.27301128857421875 0.780198219844358 0.2752529541015625 0.7892866906614786 0.28740514208984375 0.7980617658884566 0.30970381689453125 0.7215932522697796 0.3080520634765625 0.7098409189364462 0.299321365234375 0.6973050972762646 0.27301128857421875 0.6980885856031128 0.26522444970703124 0.7043564967574578 0.2607411181640625 0.7107811057068741 0.2603871708984375 0.7167356212710765 0.25838147021484376 0.7214365544747082
2 0.790718087890625 0.2970989805447471 0.8003926455078125 0.3028967983138781 0.8022803637695313 0.3043070784695201 0.8049939594726563 0.29208465175097276 0.8153764111328125 0.2958453981841764 0.8169101821289062 0.2808024118028534 0.8173821118164063 0.2651326348897536 0.8134886923828125 0.2549472795071336 0.806291765625 0.2483659727626459 0.8042860649414062 0.24742578599221787 0.7987408916015625 0.2532236037613489 0.7927237890625 0.26669961219195853 0.7901281762695312 0.2834662743190661 0.790718087890625 0.2970989805447471
2 0.8439281533203125 0.34959273540856034 0.8493553442382813 0.34755566407263294 0.8479395551757812 0.35836781063553824 0.8480575375976562 0.36792637483787294 0.8454619248046875 0.37936531258106354 0.839090875 0.3842229435797665 0.8386189453125 0.39425160116731517 0.8467597309570313 0.4053771426718547 0.85336674609375 0.4108615648508431 0.8559623588867188 0.4039668631647212 0.8577320952148437 0.3906475518806744 0.8629233208007813 0.3845363391699092 0.8695303354492188 0.3785818236057069 0.8742496318359375 0.36949335278858625 0.8792048930664063 0.35601734370946825 0.8802667348632812 0.34395161543450065 0.8773171743164062 0.3463020817120622 0.8720079663085938 0.33486314461738004 0.8657548984375 0.326244766536965 0.8563163061523438 0.32326750907911805 0.8469956958007813 0.32467778923476004 0.8367312265625 0.3336095622568093 0.8408606108398438 0.3448918022049287 0.8439281533203125 0.34959273540856034
2 0.9148355795898437 0.3513164105058366 0.9197908408203125 0.35398027302204926 0.9219145239257812 0.35476376199740595 0.9171952280273438 0.3636955350194553 0.9226224184570313 0.3693366549935149 0.92592592578125 0.3774849390402075 0.9285215390625 0.3886104811932555 0.9338307470703126 0.38469303696498053 0.9368982895507812 0.37262730804150457 0.9366623247070313 0.3561740415045396 0.9334767998046875 0.33486314461738004 0.928167591796875 0.3235809046692607 0.9232123305664063 0.32029025097276265 0.9187289990234375 0.32326750907911805 0.9175491752929688 0.327184953307393 0.913183826171875 0.3273416511024643 0.9101162836914063 0.32499118482490275 0.9083465473632812 0.3354899351491569 0.9101162836914063 0.3389372866407263 0.912475931640625 0.3480257574578469 0.9148355795898437 0.3513164105058366
7 0.6159596860351563 0.340858537613489 0.6185199311523437 0.3417965726329442 0.6180785092773438 0.3512941789883268 0.6160479702148437 0.3600882587548638 0.618873068359375 0.3627851102464332 0.6203739018554687 0.3684133210116732 0.6266420883789062 0.36935135667963687 0.629555470703125 0.36419216277561606 0.6325571376953125 0.3535220123216602 0.6323805688476563 0.348245564850843 0.6305265981445313 0.34719027496757454 0.6296437548828125 0.3430863709468223 0.6298203237304687 0.33886521271076525 0.6307031669921875 0.33077465888456553 0.6236404213867187 0.32901584306095977 0.6186082153320313 0.3301883871595331 0.613134587890625 0.33476130869001297 0.6159596860351563 0.340858537613489
9 0.6274366469726562 0.3847116828793774 0.6284077749023438 0.38811206031128404 0.6385604711914062 0.3823665946822309 0.6389136083984375 0.3766211290531777 0.6383839028320313 0.37322075162127105 0.6428864028320312 0.37181369844357975 0.64332782421875 0.3587984604409858 0.6405910107421875 0.353873775616083 0.6374127749023437 0.35293574059662775 0.6321157158203125 0.3590329695201037 0.6298203237304687 0.36536470687418937 0.6284960590820312 0.37462780415045394 0.6274366469726562 0.3847116828793774
8 0.623375568359375 0.2563181160830091 0.6239052744140625 0.26206358171206223 0.6292023334960938 0.26206358171206223 0.63308684375 0.264877686770428 0.6322040004882813 0.25561458949416344 0.63388140234375 0.25549733527885865 0.632645421875 0.24928285214007784 0.6294671865234375 0.2474067814526589 0.6257592451171875 0.2475240356679637 0.6222278725585938 0.2508071588845655 0.6206387548828125 0.25479380869001295 0.62152159765625 0.25772516861219197 0.623375568359375 0.2563181160830091