9 0.07974289111328126 0.3441684948119325 0.0784568828125 0.33363579247730224 0.080078125 0.33282832555123215 0.080078125 0.33232086186770426 0.0786712177734375 0.3253804319066148 0.07384868701171875 0.32680376977950715 0.06977632763671875 0.32836944163424125 0.06956199267578125 0.33548613229571983 0.07181250732421875 0.33705180415045394 0.0724294208984375 0.3456549935149157 0.07388846337890626 0.3456549935149157 0.07974289111328126 0.3441684948119325
1 0.08167898095703124 0.4040207522697795 0.08251953125 0.40372305252918284 0.08251953125 0.4011402140077821 0.0811655390625 0.39192393514915697 0.076771677734375 0.38423790920881973 0.0735566572265625 0.3795408936446174 0.06905562841796875 0.37996789494163424 0.0691627958984375 0.38993126199740596 0.0735566572265625 0.3977596212710765 0.0772924306640625 0.4040207522697795 0.08167898095703124 0.4040207522697795
9 0.08861517626953125 0.41782779961089495 0.092468318359375 0.42477302204928663 0.0942023681640625 0.42477302204928663 0.09716796875 0.42158451167315175 0.09716796875 0.4192285356679637 0.09375920947265624 0.4050177561608301 0.0902226865234375 0.3930617159533074 0.0866861640625 0.3929193832684825 0.08368547802734375 0.3940580531776913 0.08529298828125 0.40871843579766537 0.089043845703125 0.408006766536965 0.08861517626953125 0.41241911478599225 0.08861517626953125 0.41782779961089495
9 0.10441080712890626 0.40613440920881977 0.1067684892578125 0.41495910505836575 0.11030501171875 0.4108314247730221 0.110948015625 0.3988753845654993 0.11191252197265625 0.3923280298313878 0.115020375 0.3919010278858625 0.11223402392578125 0.4078424150453956 0.112019689453125 0.41268176394293127 0.11767578125 0.41026715693904015 0.11767578125 0.4086889811932555 0.115341876953125 0.3990177185473411 0.11544904443359374 0.3891966861219196 0.11394870166015625 0.3792333190661479 0.1080544970703125 0.37766764721141377 0.10312479931640625 0.3835033326848249 0.10119578662109376 0.39645570946822306 0.10291046435546874 0.39745204604409856 0.10441080712890626 0.40613440920881977
9 0.1146832998046875 0.3794474876783398 0.115540638671875 0.3874181809338521 0.115862140625 0.3942502042801556 0.11650514501953126 0.4010822269779507 0.1176648046875 0.4053177691309987 0.11856503564453125 0.4053177691309987 0.12304235302734375 0.4026478988326848 0.1259765625 0.40035551297016864 0.1259765625 0.3968886783398184 0.124328361328125 0.39012252334630354 0.12057750390625 0.3805861575875486 0.12325668798828125 0.3808708255512322 0.124328361328125 0.3761738099870299 0.122399349609375 0.37389646887159533 0.11779115283203125 0.3726154649805447 0.1163979775390625 0.3763161439688716 0.1146832998046875 0.3794474876783398
9 0.10088021875 0.324254215304799 0.10141825341796876 0.324254215304799 0.10424285595703126 0.32171288910505835 0.107421875 0.32280248832684827 0.107421875 0.32201490337224387 0.10595753369140624 0.3134575278858625 0.10338551708984375 0.3141691971465629 0.10134933740234375 0.3103261841763943 0.09984899462890626 0.30890284565499354 0.098241484375 0.311180186770428 0.09834865185546875 0.3175852081712062 0.1002776640625 0.3175852081712062 0.10088021875 0.324254215304799
9 0.14500354833984375 0.3547341115434501 0.1453219443359375 0.3547341115434501 0.14972786279296876 0.3528722068741894 0.15380859375 0.3527400168612192 0.15380859375 0.35123269584954603 0.151978376953125 0.3424818391699092 0.15358588720703126 0.3414855019455253 0.151656875 0.3345111452658885 0.14763737646484376 0.3326848249027237 0.147594779296875 0.3326848249027237 0.14983502978515625 0.3379271569390402 0.145869837890625 0.3409161673151751 0.1455483359375 0.33849649221789885 0.1436193232421875 0.33522281452658886 0.1415831435546875 0.3394928287937743 0.1414759765625 0.349456195849546 0.1446909970703125 0.350167864461738 0.14500354833984375 0.3547341115434501
9 0.1329571767578125 0.3362778631647212 0.1329571767578125 0.332719518158236 0.1351005234375 0.3325771848249027 0.1352076904296875 0.3392668728923476 0.1376953125 0.33768099092088194 0.1376953125 0.3367030830090791 0.136708033203125 0.3322925162127107 0.1356363603515625 0.32659916472114137 0.1328500087890625 0.322044481841764 0.132099837890625 0.32987284176394294 0.129956490234375 0.3345698579766537 0.13106285693359376 0.3411154345006485 0.13128366357421875 0.3411154345006485 0.1329571767578125 0.3362778631647212
7 0.16306470166015624 0.3216601815823606 0.1640625 0.3184207529182879 0.1640625 0.31471467963683525 0.16124801708984374 0.3068881556420234 0.1577114951171875 0.3010524695201038 0.15342480029296876 0.30076780220492866 0.15213879248046874 0.30888082944228273 0.15256746142578126 0.3161398534370947 0.15631831884765626 0.31884419584954604 0.16102996142578124 0.3216601815823606 0.16306470166015624 0.3216601815823606
7 0.17349825048828124 0.35626998249027236 0.16924626416015626 0.3469520103761349 0.16912386572265625 0.3469520103761349 0.16396035595703126 0.35143063294422827 0.1628886826171875 0.3603976627756161 0.16396035595703126 0.36851069066147857 0.1649248623046875 0.3710726984435798 0.1695297451171875 0.3722438391699092 0.17006512841796875 0.3722438391699092 0.1747842587890625 0.36722968547341117 0.17349825048828124 0.35626998249027236
7 0.133945794921875 0.38759698702983136 0.1340529619140625 0.3958523482490272 0.1344816318359375 0.4052463800259403 0.137292810546875 0.41893644617380027 0.1379487802734375 0.41893644617380027 0.139411330078125 0.417914088845655 0.1384468232421875 0.41150906744487675 0.1421976806640625 0.4109397321660182 0.1496993955078125 0.40695438586251625 0.1520570771484375 0.40510404604409855 0.15380859375 0.40488249675745785 0.15380859375 0.4020027230869001 0.15345025341796875 0.3999800291828794 0.15141407373046875 0.39143999999999995 0.15023523291015625 0.3847503112840467 0.14894922412109374 0.37962629377431906 0.145412701171875 0.37962629377431906 0.1415546767578125 0.3804802963683528 0.1375894853515625 0.38346930674448765 0.133945794921875 0.38759698702983136
7 0.1674048046875 0.29961089494163423 0.172819078125 0.2984341952010376 0.17324774755859376 0.29487584954604407 0.1757125966796875 0.29444884824902723 0.17578125 0.2926860032425422 0.17578125 0.2855218476005188 0.17324774755859376 0.27879212970168615 0.1699255595703125 0.2777957924773022 0.1682108818359375 0.28121180415045394 0.1641385224609375 0.27964613229571983 0.16124500390625 0.2829198093385214 0.16113783642578125 0.29316784435797666 0.16133996875 0.29961089494163423 0.1674048046875 0.29961089494163423
9 0.19214252294921874 0.29511425940337227 0.19407153564453125 0.28757056679636833 0.1963220498046875 0.28757056679636833 0.19420971435546874 0.29571984435797666 0.19873046875 0.29571984435797666 0.19873046875 0.2916267503242542 0.19825106201171874 0.285577892996109 0.19675071923828125 0.27618386251621274 0.19471453955078125 0.27404885473411156 0.19267835986328125 0.27561452658884567 0.19117801708984375 0.280311542153048 0.19096368212890624 0.29497192477302203 0.19214252294921874 0.29511425940337227
9 0.27022448779296876 0.314373135538262 0.27311800634765626 0.3152271394293126 0.27580005322265627 0.32749675745784695 0.28512199169921876 0.32749675745784695 0.287109375 0.32495149286640723 0.287109375 0.3232390168612192 0.2838347421875 0.3122381290531777 0.286192423828125 0.31166879312581064 0.284156244140625 0.302844097924773 0.2805125541992188 0.29586974124513615 0.2769760317382812 0.29473107068741894 0.27429684765625 0.3008514234760052 0.27097466015625 0.3009937581063554 0.27022448779296876 0.314373135538262
9 0.29657560107421876 0.32438987808041503 0.29657560107421876 0.31898119325551233 0.2990404501953125 0.32011986316472113 0.29914761767578124 0.32524388002594035 0.2975210830078125 0.3326848249027237 0.30178679443359374 0.3326848249027237 0.302734375 0.33239779312581064 0.302734375 0.31456340726329446 0.30193396875 0.30759448832684827 0.300219291015625 0.3017588015564202 0.297861609375 0.3011894662775616 0.29389641748046874 0.30560181452658886 0.29336058056640624 0.31428417704280154 0.2927260278320313 0.3326848249027237 0.29525079541015625 0.3326848249027237 0.29657560107421876 0.32438987808041503
9 0.3125586069335938 0.3534370946822309 0.3170224624023438 0.35277835603112845 0.3193359375 0.35082304474708176 0.3193359375 0.35002241699092085 0.31852280517578124 0.33598296627756163 0.3193359375 0.33526299416342414 0.3193359375 0.33144471984435797 0.31787980126953125 0.3257349319066148 0.31477194775390627 0.32132258365758753 0.3122952353515625 0.3203631647211414 0.31216717138671873 0.3203631647211414 0.30866340869140624 0.32431159338521404 0.3061985595703125 0.32174958495460443 0.30459104931640624 0.32744293709468225 0.30523405419921873 0.3332786238651102 0.30609139208984376 0.3436689922178988 0.30609139208984376 0.352066686770428 0.3094448095703125 0.3534370946822309 0.3125586069335938 0.3534370946822309
9 0.32868896826171873 0.30432370038910506 0.32665278857421876 0.3046083683527886 0.32525961328125 0.3067433761348898 0.3259026171875 0.31656440856031126 0.327938796875 0.32083442282749675 0.32980401123046876 0.3216601815823606 0.33087654345703127 0.3216601815823606 0.33211832373046873 0.308878382619974 0.3347975078125 0.3078820460440986 0.3345831728515625 0.3135753981841764 0.33351149951171877 0.32069208949416345 0.33642578125 0.31644692607003894 0.33642578125 0.3133245324254215 0.33586918115234377 0.309874719844358 0.33554767919921874 0.30475070233463036 0.33533334423828126 0.298772682230869 0.33351149951171877 0.2943603346303502 0.33201115625 0.294218 0.3301893115234375 0.30076535538261995 0.3301893115234375 0.3077397120622568 0.32868896826171873 0.30432370038910506
9 0.3675312729492187 0.31132007457846955 0.3659237626953125 0.30605372308690015 0.366459599609375 0.30192604280155644 0.3645305869140625 0.30463038521400776 0.3638875830078125 0.3111777405966277 0.3641019174804688 0.31672875940337225 0.36495925634765625 0.32526878858625163 0.367932314453125 0.32684824902723736 0.3712435166015625 0.32684824902723736 0.37481865283203125 0.32626512451361867 0.375 0.3211268748378729 0.375 0.31658637289234765 0.3733183100585937 0.3097544027237354 0.37353264453125 0.30306471271076524 0.3727824731445312 0.29979103501945525 0.37021045703125 0.299933369001297 0.36903161572265625 0.30149904085603113 0.3698889545898438 0.3054843884565499 0.37010328955078126 0.3107507386511025 0.3675312729492187 0.31132007457846955
5 0.364403158203125 0.22361175551232165 0.36397448876953126 0.2312977814526589 0.3662906455078125 0.23151750972762647 0.36669921875 0.23151750972762647 0.36669921875 0.2286096485084306 0.36601066845703123 0.22119208106355384 0.36408165625 0.21734906809338522 0.36207428515625 0.2172503242542153 0.3608599345703125 0.2172503242542153 0.3579731171875 0.21763373540856032 0.35693359375 0.22165013748378729 0.35693359375 0.22249680739299613 0.3577587822265625 0.22432342477302206 0.3590447905273437 0.2303014448767834 0.36161680712890626 0.23072844617380026 0.362366978515625 0.22304242023346305 0.364403158203125 0.22361175551232165
9 0.38494613525390625 0.2193426316472114 0.3850315649414062 0.2230869001297017 0.3852445966796875 0.2230869001297017 0.38676797998046875 0.2154996186770428 0.3898758334960937 0.21535728469520105 0.39244785009765626 0.21393394682230868 0.39073317236328126 0.2066749221789883 0.3871966494140625 0.2061055869001297 0.3845174658203125 0.20795592607003893 0.38441029833984375 0.2125106083009079 0.38494613525390625 0.2193426316472114
7 0.38675575634765624 0.24210247470817123 0.38744886962890623 0.2457846952010376 0.38938167822265624 0.2457846952010376 0.39501953125 0.24300347924773022 0.39501953125 0.2411848618677043 0.39490047509765625 0.23897113099870299 0.39318579736328124 0.23413178080415045 0.39501953125 0.23246541050583658 0.39501953125 0.23142592477302204 0.39404313623046877 0.2272997587548638 0.391578287109375 0.22445308171206224 0.38943493994140627 0.22288740985732813 0.38600558447265626 0.2243107477302205 0.3839694052734375 0.22673042282749675 0.38536258056640627 0.23185443968871594 0.38675575634765624 0.2368361232166018 0.38675575634765624 0.24210247470817123
7 0.412479939453125 0.22786064267185474 0.4129914091796875 0.23086900129701687 0.4201522856445313 0.23086900129701687 0.421875 0.23010632879377432 0.421875 0.22918630804150453 0.41869564599609377 0.21889361284046693 0.42137482958984374 0.21732794098573283 0.4191243159179687 0.21334259403372247 0.41430178466796874 0.2129155927367056 0.41001509033203126 0.21476593190661478 0.41022942529296874 0.22074395201037614 0.412479939453125 0.22131328728923474 0.412479939453125 0.22786064267185474
7 0.42979701171875 0.2301248625162127 0.4366557221679688 0.22699351815823604 0.43590555126953123 0.21816882230869 0.4375 0.21658057782101164 0.4375 0.2155626083009079 0.4367628896484375 0.2100557950713359 0.43376220361328127 0.20792078728923477 0.42947551025390623 0.2082054552529183 0.42829666943359374 0.20934412581063555 0.4278679995117188 0.21489514461738002 0.42872533837890625 0.2178841543450065 0.42968984423828127 0.22571251426718547 0.42979701171875 0.2301248625162127
7 0.44948520068359377 0.23865110246433205 0.4474528325195313 0.23266574254215305 0.45068359375 0.23086632555123218 0.45068359375 0.23059766990920882 0.44766716796875 0.22341404539559015 0.44359480859375 0.22227537483787288 0.4407012900390625 0.22199070752269778 0.43791493896484374 0.22455271530479898 0.4363074282226562 0.23110007068741895 0.43952244921875 0.23166940661478597 0.4388148125 0.23865110246433205 0.44948520068359377 0.23865110246433205
9 0.441627095703125 0.20946822308690013 0.4474785517578125 0.20946822308690013 0.44650306201171874 0.20622923994811934 0.4451098857421875 0.2018168916990921 0.4477890703125 0.19982421854734111 0.44873046875 0.19774036057068742 0.44873046875 0.19586600778210114 0.44757473486328125 0.19213819260700388 0.44575289013671876 0.1901455194552529 0.4437167109375 0.1911418560311284 0.4408231923828125 0.19085718806744487 0.4388941796875 0.19498486900129702 0.4381440078125 0.19996655252918288 0.44018018798828124 0.20082055512321662 0.441627095703125 0.20946822308690013
9 0.46380087841796874 0.22803477821011675 0.46380087841796874 0.23401279831387808 0.4709810908203125 0.23216245914396885 0.4699094169921875 0.2236224299610895 0.47265625 0.2228927918287938 0.47265625 0.2206956887159533 0.471516927734375 0.2156517367055772 0.46830190673828126 0.21479773411154343 0.46615856005859374 0.21494006809338523 0.46380087841796874 0.21479773411154343 0.46090735986328124 0.2175020765239948 0.458656845703125 0.2220567581063554 0.4617646982421875 0.22348009727626458 0.46380087841796874 0.22803477821011675
3 0.48328741796875 0.22214816407263294 0.48521643017578125 0.22670284630350193 0.48529951708984376 0.22957198443579765 0.4890018896484375 0.22957198443579765 0.490234375 0.22929335992217897 0.490234375 0.2277911796368353 0.48982462646484376 0.22300216666666667 0.4890744545898438 0.21531614137483787 0.48810994873046876 0.2106191251621271 0.48575226708984376 0.21346580220492867 0.4826444135742187 0.2140351368352789 0.48050106640625 0.21147312840466925 0.48007239697265625 0.2190168203631647 0.48328741796875 0.22214816407263294
9 0.4828093515625 0.23907632490272374 0.484375 0.23818514980544747 0.484375 0.23173049221789882 0.4816305107421875 0.23039396238651103 0.4795943310546875 0.23423697535667964 0.47852265771484376 0.23637198249027236 0.476486478515625 0.23224430155642026 0.47627214306640625 0.24035732879377433 0.47696829443359373 0.24643320363164722 0.48340283935546874 0.24643320363164722 0.4828093515625 0.23907632490272374
9 0.5084601318359375 0.261348897535668 0.5055998291015625 0.25079640142671855 0.5059213310546875 0.24823439299610897 0.5087890625 0.2473382140077821 0.5087890625 0.24413278858625162 0.5078503432617187 0.24054836705577173 0.5045281557617187 0.23741702334630352 0.497990947265625 0.23642068677042802 0.495847599609375 0.242968042153048 0.4971336083984375 0.24965773086900128 0.49831244921875 0.2557780849546044 0.498214904296875 0.261348897535668 0.5084601318359375 0.261348897535668
7 0.5771623662109375 0.24319066147859922 0.5802769477539063 0.24319066147859922 0.5815801420898438 0.2425886335927367 0.5810443056640625 0.2393149559014267 0.582330314453125 0.23689528080415045 0.583984375 0.2365291420233463 0.583984375 0.22958416342412452 0.5804013012695313 0.22650491245136187 0.5753644365234375 0.2252239085603113 0.5712920766601562 0.22750124902723734 0.5674340517578125 0.23234059857328146 0.5702204028320312 0.2350449409857328 0.5721494150390625 0.2340486044098573 0.5728995869140625 0.24201929831387808 0.5771623662109375 0.24319066147859922
9 0.6031994106445312 0.27431906614785995 0.6084631557617187 0.27431906614785995 0.6101194775390625 0.26991939494163425 0.609583640625 0.2637990402075227 0.6125843266601563 0.2633720395590143 0.61328125 0.2619321932555123 0.61328125 0.26068403891050584 0.6110839838867187 0.2549743437094682 0.6078689638671875 0.253835673151751 0.5976880649414062 0.2548320103761349 0.5934013706054687 0.259671359922179 0.5961877216796875 0.2628027036316472 0.5975808974609375 0.26892305771725034 0.598438236328125 0.2733354059662776 0.6031994106445312 0.27431906614785995
9 0.6055042490234375 0.2413712354085603 0.6092690502929687 0.24189364461738003 0.6125811674804688 0.24189364461738003 0.6115056206054688 0.23695888715953306 0.6142578125 0.23695888715953306 0.6142578125 0.23623154085603115 0.6126844614257813 0.22813419130998702 0.6091479389648438 0.225572182230869 0.60539708203125 0.22471817963683527 0.6017533916015625 0.22841885862516212 0.599609375 0.23208001361867706 0.599609375 0.23236045460440985 0.603039400390625 0.23553554928664072 0.6055042490234375 0.2413712354085603
8 0.6210703071289062 0.2534113417639429 0.6209631396484375 0.2598163638132296 0.6256785029296875 0.26280537289234757 0.6306239770507812 0.26588845654993515 0.6309415390625 0.26588845654993515 0.6317870419921875 0.25227267055771724 0.63330078125 0.2466182373540856 0.63330078125 0.24528052399481196 0.6324300463867187 0.24273630609597924 0.6292150258789062 0.24515598119325552 0.6250354990234375 0.24657931906614786 0.6219276459960937 0.2452983138780804 0.61962890625 0.24196770428015563 0.61962890625 0.24430910635538264 0.6196771313476562 0.2462946517509728 0.6210703071289062 0.2534113417639429
9 0.65618971875 0.2501365525291829 0.655761048828125 0.24401619844357977 0.6555467143554687 0.24045785278858625 0.658203125 0.24045785278858625 0.658203125 0.2389963728923476 0.6569398896484375 0.2349068346303502 0.6534033671875 0.2326294935149157 0.6498668447265625 0.23120615564202338 0.6462231547851562 0.23277182749675748 0.6464374892578125 0.23946151621271078 0.6475091630859375 0.24444319974059664 0.6464374892578125 0.24828621271076526 0.65618971875 0.2501365525291829
2 0.8619329506835938 0.3823458540856031 0.8679456206054688 0.40207522697795073 0.8685668706054688 0.40207522697795073 0.8768139028320312 0.3857618657587548 0.8753441791992187 0.3730738229571985 0.884765625 0.37114873929961095 0.884765625 0.3694673255512322 0.882876513671875 0.3457457315175097 0.8775487646484375 0.33696170103761347 0.8683629916992187 0.33964571011673156 0.859728365234375 0.3330576880674449 0.855686625 0.3413537159533074 0.8571563486328125 0.3557497645914397 0.8577074956054688 0.37087781517509727 0.8619329506835938 0.3823458540856031
2 0.8293556064453125 0.41126719520103766 0.8373362788085937 0.4169909208819715 0.8390244135742188 0.4169909208819715 0.851768892578125 0.39418713813229567 0.85400390625 0.37759889364461735 0.85400390625 0.36734411802853434 0.8514014619140625 0.35661101167315173 0.8420319731445313 0.3456309753566797 0.8332136313476562 0.35173099481193254 0.83247876953125 0.36075902529182885 0.834315923828125 0.37515507457846947 0.8341322084960937 0.3951631420233463 0.8330299155273437 0.40614317769131 0.8293556064453125 0.41126719520103766
2 0.7976941118164063 0.38553931063553826 0.7989801201171876 0.3950553424124514 0.8013684213867187 0.404327373540856 0.81794136328125 0.4085603112840467 0.8241636674804688 0.4085603112840467 0.8302117485351562 0.4074993845654994 0.83203125 0.39783313618677046 0.83203125 0.36949256095979244 0.8289257407226562 0.3538192036316472 0.8197399672851563 0.34527917509727624 0.8109216254882813 0.3447911738002594 0.8039404379882813 0.34527917509727624 0.79806154296875 0.35211119844357974 0.7936523720703125 0.3716312639429313 0.7907129243164063 0.3813912963683528 0.7976941118164063 0.38553931063553826
2 0.6788231044921875 0.43750490791180285 0.6858200966796875 0.4377431906614786 0.6932830795898437 0.4377431906614786 0.6964597890625 0.43164888910505833 0.695908642578125 0.4206688514915694 0.7067478549804688 0.4223768573281453 0.717954498046875 0.4167648385214008 0.71875 0.3971131511024643 0.71875 0.39251987548638134 0.7166684897460938 0.36625666861219197 0.7089524404296875 0.3455165985732815 0.6942552036132813 0.3281925415045396 0.6788231044921875 0.3169685025940337 0.6643095830078125 0.30940447730220494 0.6508799584960937 0.301556420233463 0.6503545966796875 0.301556420233463 0.6448357446289062 0.3079404727626459 0.6441008828125 0.32062851491569394 0.6490612001953125 0.3460046011673152 0.6553075258789063 0.38162872049286645 0.6648607299804687 0.38650873670557717 0.674965080078125 0.4048087989623865 0.677169666015625 0.4226208579766537 0.6788231044921875 0.43750490791180285
2 0.6300669584960937 0.450935247081712 0.6258415024414062 0.4436152230869001 0.6126139892578125 0.45361925680933857 0.6017747768554688 0.4680153047989624 0.5898332719726562 0.498271406614786 0.5841380922851562 0.5180354734111543 0.5964470283203125 0.5287715097276264 0.6067350947265625 0.5270635032425421 0.6127977045898437 0.5382875415045396 0.6177580224609375 0.5470715700389105 0.6319041123046875 0.5475595726329442 0.6447451767578125 0.5492866407263295 0.6481677163085937 0.5492866407263295 0.663503171875 0.5473155719844358 0.6772818315429687 0.5460955667963684 0.6789352709960937 0.5290155103761348 0.682609580078125 0.522183486381323 0.6927139306640625 0.5165714675745785 0.70361328125 0.5149370901426719 0.70361328125 0.5134588754863814 0.6993276870117188 0.5011994169909209 0.6927139306640625 0.46923530933852137 0.6868350361328125 0.44995924383916996 0.6690146362304688 0.44459122632944226 0.6583380888671875 0.440337224383917 0.657994125 0.440337224383917 0.6587265698242187 0.4821673527885863 0.6585428544921875 0.5207194824902723 0.6528476752929687 0.5363355350194553 0.633924982421875 0.5392635447470817 0.6298832421875 0.5297475129701686 0.6330064057617187 0.49509939623865107 0.6341086982421875 0.47069931387808045 0.6300669584960937 0.450935247081712
9 0.5099428813476562 0.49062846238651103 0.512147466796875 0.5030725038910506 0.5161675185546875 0.5090791180285343 0.5176267172851563 0.5090791180285343 0.5246401181640625 0.5052685110246433 0.5283203125 0.4945618307392996 0.5283203125 0.47531044357976654 0.5253749799804688 0.4618363657587548 0.5222518173828125 0.4567123476005188 0.5176589306640625 0.45890835603112845 0.5101265966796875 0.4620803664072633 0.5040639868164063 0.46988839234760055 0.5025942626953125 0.47452440791180284 0.5071871494140625 0.48086842996108947 0.5099428813476562 0.49062846238651103
9 0.48064198779296874 0.49554202788586255 0.4775188247070313 0.5077420693904021 0.4845000126953125 0.5118900830090791 0.4865208828125 0.5172581011673152 0.490562623046875 0.5257981303501945 0.49650097265625 0.5278858625162127 0.49703933935546873 0.5278858625162127 0.5078125 0.5228229189364462 0.5078125 0.5125719286640726 0.5072807294921875 0.5070100661478599 0.5043412822265625 0.49725003437094684 0.5048924287109375 0.4896860084306096 0.4995646806640625 0.4838299889753567 0.49533922509765627 0.4838299889753567 0.49239977734375 0.4877340019455253 0.48523487451171876 0.4909060123216602 0.48064198779296874 0.49554202788586255
2 0.48269723486328125 0.5713359273670557 0.4842756069335937 0.5547983904020752 0.4828058833007812 0.5421103469520104 0.4870313383789063 0.5430863501945525 0.4892578125 0.5336606569390402 0.4892578125 0.5303189662775616 0.48243845263671875 0.5272262976653697 0.4719666704101563 0.5255182918287937 0.47178295556640626 0.5301543073929961 0.467006353515625 0.5440623540856031 0.47178295556640626 0.5528463839169909 0.47582469580078124 0.5701704422827496 0.47988326416015625 0.5713359273670557 0.48269723486328125 0.5713359273670557
2 0.46240234375 0.5920354915693904 0.46240234375 0.5855289591439689 0.4606667353515625 0.5812479850843061 0.45368554736328126 0.5812479850843061 0.4461532138671875 0.5863720019455253 0.4485415146484375 0.5990600447470817 0.45197384375 0.6005188067444877 0.45372141845703123 0.6005188067444877 0.462136458984375 0.5934480259403372 0.46240234375 0.5920354915693904
9 0.40603341748046873 0.6395845765239948 0.4062171328125 0.6483686057068742 0.4030939697265625 0.65983664461738 0.3961127822265625 0.6654486634241245 0.38747815576171873 0.6661806660181583 0.37627151220703126 0.6744766939040208 0.37572036572265627 0.6810647166018158 0.3832527001953125 0.69302075616083 0.392087935546875 0.7354085603112841 0.39380055859375 0.7354085603112841 0.41393318212890623 0.7249848644617379 0.42697697998046874 0.7208368495460441 0.4361627529296875 0.7140048268482491 0.43701171875 0.7048233450064851 0.43701171875 0.6990438612191958 0.42954899609375 0.6810647166018158 0.42513982470703127 0.6571526355382621 0.4262421181640625 0.6425125862516213 0.42863041845703126 0.6273845356679637 0.42513982470703127 0.6149404935149158 0.417974921875 0.6125004850843061 0.41191231201171874 0.6220165175097276 0.40603341748046873 0.6395845765239948
8 0.26130610791015624 0.7248657237354086 0.2546923510742187 0.7409697775616083 0.249548318359375 0.7617098476005189 0.24789487890625 0.7787899046692607 0.2517529033203125 0.7907459455252919 0.2574480825195313 0.7992859740596628 0.26454629150390624 0.8119325551232166 0.27645282568359375 0.8119325551232166 0.2805962314453125 0.8036779889753567 0.2835356787109375 0.7895259409857328 0.2870262724609375 0.8007499779507133 0.29419117529296873 0.8068499993514916 0.3061326796875 0.8092900071335928 0.31103515625 0.8059221459143969 0.31103515625 0.8040638936446174 0.3074186884765625 0.7907459455252919 0.300621216796875 0.7897699422827497 0.29896777685546877 0.7729338852140077 0.2951097529296875 0.7563418294422828 0.2897820043945312 0.7448737911802853 0.27912650732421873 0.7338937535667964 0.2690221572265625 0.7226697159533074 0.26130610791015624 0.7248657237354086