9 0.6762009282226562 0.33863374934895835 0.6738525649414062 0.3484745078125 0.6721751630859375 0.3645775677083333 0.6798912124023437 0.37128717578125 0.6926394677734375 0.37710216927083334 0.700710740234375 0.3782552083333333 0.702036966796875 0.3782552083333333 0.7023683999023438 0.36278833854166664 0.7053877236328125 0.3507110436197917 0.7067296450195313 0.33684452018229166 0.7138671875 0.3324826888020833 0.7138671875 0.31428120963541667 0.7131037729492188 0.310006087890625 0.7060586840820312 0.30642763020833336 0.7020329194335938 0.30642763020833336 0.6933104287109375 0.3041910944010417 0.688613703125 0.3104533951822917 0.6839169775390626 0.3207414609375 0.678549291015625 0.32610914713541667 0.6762009282226562 0.33863374934895835
12 0.6130730161132812 0.32325398177083337 0.6077053295898438 0.338909734375 0.6214600263671874 0.34204088476562505 0.6328957006835938 0.3470052083333333 0.6370538637695312 0.3470052083333333 0.6396484375 0.34412234765625 0.6396484375 0.341375341796875 0.63856952734375 0.33130551171875 0.6389050078125 0.3237012890625 0.63789856640625 0.31788629557291664 0.6288405952148437 0.3093874583333333 0.6231374282226563 0.3080455364583333 0.6191116635742188 0.30759822981770835 0.6127375356445313 0.30715092252604165 0.6130730161132812 0.32325398177083337
8 0.0300489541015625 0.419186876953125 0.03239731689453125 0.43350070768229165 0.0334037578125 0.44602530924479167 0.0391069248046875 0.457655296875 0.0423001708984375 0.4674479166666667 0.04269396875 0.4674479166666667 0.04581653369140625 0.4607864466145833 0.04917133740234375 0.45094568815104163 0.05487450390625 0.4419995442708333 0.05810546875 0.43886648763020836 0.05810546875 0.4374412037760416 0.055209984375 0.4312641712239584 0.04682297412109375 0.43081686328124996 0.044139130859375 0.4267910983072916 0.0431326904296875 0.4227653346354167 0.04212624853515625 0.4142664973958334 0.0401133662109375 0.41024073242187503 0.03373923828125 0.4080041966145833 0.0300489541015625 0.419186876953125
0 0.149702234375 0.31995841080729165 0.1453409892578125 0.32487879036458334 0.14467002880859375 0.3391926204427083 0.1466829111328125 0.35126991536458335 0.15171511669921875 0.36826758984374997 0.157106685546875 0.3763020833333333 0.159159568359375 0.3763020833333333 0.1689453125 0.37369255208333335 0.1689453125 0.37134422265625 0.16815365771484375 0.36289990234375 0.1684891376953125 0.3539537591145833 0.1674826962890625 0.345454921875 0.1651343330078125 0.3356141634114584 0.161444048828125 0.3275626334635417 0.160437607421875 0.32487879036458334 0.15339251904296874 0.31861648893229166 0.149702234375 0.31995841080729165
8 0.5066661005859375 0.22590604101562498 0.5066661005859375 0.23567708333333334 0.520146806640625 0.23567708333333334 0.52490234375 0.23232023372395835 0.52490234375 0.2316560110677083 0.520420796875 0.220985662109375 0.5241110815429687 0.21338144010416668 0.5180724340820313 0.205777216796875 0.5127047475585937 0.20488260286458335 0.5073370610351563 0.2066718313802083 0.5036467768554688 0.21382874674479166 0.5016338940429688 0.22188027669270835 0.5066661005859375 0.22590604101562498
8 0.48810577783203124 0.19940876822916667 0.4840800131835937 0.20253991861979168 0.482067130859375 0.20701299088541666 0.481060689453125 0.21819567057291667 0.4823733876953125 0.23307291666666666 0.486873802734375 0.23307291666666666 0.4884412583007812 0.23295680924479167 0.4981701904296875 0.23161488802083333 0.4991766313476563 0.22266874283854166 0.501860474609375 0.21640644205729168 0.502866916015625 0.20790760481770834 0.4985056708984375 0.20209261132812498 0.49548634716796874 0.19985607552083332 0.48810577783203124 0.19940876822916667
8 0.4752722109375 0.23502604166666666 0.47900390625 0.23303580403645832 0.47900390625 0.22334083854166667 0.4760788056640625 0.21554056966145832 0.47842716845703126 0.212409419921875 0.47842716845703126 0.208383654296875 0.4767497666015625 0.203463275390625 0.47238852099609374 0.200332125 0.46836275634765623 0.23209093749999998 0.47304057861328125 0.23502604166666666 0.4752722109375 0.23502604166666666
8 0.42829407666015623 0.22645661458333333 0.4308487060546875 0.22721354166666666 0.43667021630859376 0.22721354166666666 0.4360101254882813 0.21885239127604164 0.4363456064453125 0.21169547591145832 0.4384765625 0.20885420052083334 0.4384765625 0.20618909895833334 0.4380230083007812 0.20543317513020834 0.4353391650390625 0.19917087434895833 0.43366176318359373 0.19559241666666669 0.430306958984375 0.19425049479166667 0.427623115234375 0.20006548828125 0.42728763525390623 0.21035355468750003 0.426616673828125 0.21751047005208335 0.42829407666015623 0.22645661458333333
8 0.45073878125 0.228515625 0.458984375 0.228515625 0.458984375 0.21322655533854165 0.458704982421875 0.20763869661458334 0.45669210009765626 0.19958716666666665 0.4509889331054687 0.19511409440104166 0.44763412890625 0.20003447395833332 0.4456212465820312 0.20898061848958335 0.44629220751953125 0.22061060546875 0.45073878125 0.228515625
0 0.40943051171875 0.21249023177083334 0.4084240703125 0.22277829752604164 0.40909503125 0.23306636393229166 0.4091736640625 0.23307291666666666 0.42138671875 0.23307291666666666 0.42138671875 0.22692055013020831 0.42117232568359375 0.22501483398437502 0.420165884765625 0.220094455078125 0.42117232568359375 0.21741061197916667 0.42117232568359375 0.20756985286458332 0.4131207963867187 0.20220216601562502 0.40875955126953123 0.20264947330729166 0.40943051171875 0.21249023177083334
8 0.37486377783203123 0.21493137565104167 0.3795605029296875 0.21806252604166665 0.38157338525390627 0.2328236640625 0.38190886572265625 0.237296736328125 0.3905412939453125 0.24283854166666666 0.39104367138671875 0.24283854166666666 0.39208984375 0.23911881705729165 0.39208984375 0.23334451432291667 0.39130231689453127 0.23103443619791666 0.3909668374023437 0.226114056640625 0.3906313564453125 0.21895714127604168 0.3889539541015625 0.21493137565104167 0.38828299365234376 0.21180022591145833 0.3835862680664063 0.20732715299479165 0.37754762060546876 0.2091163828125 0.37486377783203123 0.21493137565104167