9 0.1056085546875 0.438043088845655 0.1056085546875 0.4345925726329442 0.1084663505859375 0.43269478858625166 0.10976534912109374 0.4449441225680934 0.110544748046875 0.45391546562905316 0.11574074072265625 0.4494297937743191 0.11353244384765625 0.4378705635538262 0.10976534912109374 0.4244135479896239 0.10820655126953126 0.4173399889753567 0.10573845458984375 0.4154422049286641 0.10171156005859375 0.41613230804150453 0.10054246142578124 0.42372344487678343 0.10236105908203125 0.4359727788586252 0.106517853515625 0.44977484565499354 0.1056085546875 0.438043088845655
7 0.1227553310546875 0.43338489169909206 0.12509352783203126 0.437698037613489 0.125613126953125 0.4430463385214008 0.13535561376953126 0.4394232957198444 0.13847320947265626 0.4354552016861219 0.13665461181640626 0.42924427172503243 0.13873300927734375 0.42234323800259405 0.139902107421875 0.4156147308690013 0.135485513671875 0.41026642996108953 0.12886062255859376 0.4090587490272374 0.1223656318359375 0.4119916880674449 0.1183387373046875 0.4154422049286641 0.1174294384765625 0.4185476699092088 0.11418194287109375 0.43269478858625166 0.11755933837890625 0.43631783073929964 0.1214563330078125 0.43700793385214004 0.1227553310546875 0.43338489169909206
7 0.13561541357421875 0.40854117185473415 0.1401619072265625 0.4135444208819715 0.14042170654296876 0.41958282490272375 0.13886290869140624 0.4299343748378729 0.14250010400390625 0.4301069007782101 0.14444860107421875 0.42717396173800265 0.14717649755859374 0.41992787678339816 0.14626719873046876 0.40888622308690015 0.14159080517578124 0.3997423540856031 0.13600511279296876 0.3943940531776913 0.13132871923828124 0.39956982814526587 0.12782142431640625 0.4056082328145266 0.13002972119140624 0.40819611997405963 0.13561541357421875 0.40854117185473415
1 0.09716506640625 0.3795568320363165 0.09937336328125 0.37679641828793775 0.09898366357421876 0.3945665791180285 0.10353015771484375 0.39301384695201036 0.10768695166015625 0.38456008106355377 0.1053487548828125 0.370067911154345 0.10327035791015625 0.3604064643320363 0.10041256201171875 0.361269093385214 0.09989296240234374 0.3660998171206226 0.09586606787109375 0.36333940337224385 0.0937876708984375 0.3686877042801556 0.09456706982421875 0.37834915110246436 0.09716506640625 0.3795568320363165
9 0.133386591796875 0.3473891932555123 0.1377980546875 0.34834794876783404 0.142690767578125 0.3453651530479896 0.139963681640625 0.33300785538261995 0.14188868359375 0.3294924176394293 0.1390011806640625 0.32427252464332035 0.13667513671875 0.3234202976653696 0.13827930517578124 0.3304511738002594 0.13699597021484375 0.3316229863813229 0.134750134765625 0.3274683774319066 0.13314596630859374 0.32789449156939043 0.133627216796875 0.3346057821011673 0.13146158984375 0.33577759468223084 0.130098046875 0.32895977561608297 0.1285740869140625 0.33290132749675744 0.12897512890625 0.339186504539559 0.1324240908203125 0.3389734474708171 0.133386591796875 0.3473891932555123
9 0.178944970703125 0.3072279766536965 0.1870460205078125 0.3030733683527886 0.18528143505859376 0.29007690077821013 0.18383768359375 0.2821937970168612 0.1823939326171875 0.2803828138780804 0.1795866376953125 0.2829394961089494 0.17870434521484374 0.28943773022049285 0.178944970703125 0.2944445661478599 0.1812710146484375 0.294338037613489 0.178944970703125 0.3072279766536965
9 0.2527367109375 0.3178808197146563 0.2536190034179687 0.3225680700389105 0.2575492158203125 0.32757490596627753 0.2594742177734375 0.33343396952010373 0.26075755224609376 0.3326882704280156 0.2601158852539063 0.31617636446173797 0.25883255029296875 0.307121448767834 0.2569877568359375 0.30477782295719846 0.25490233837890625 0.30328642542153045 0.25241587744140626 0.30680186316472113 0.250009625 0.30829326134889756 0.2498492080078125 0.3124478696498055 0.2527367109375 0.3178808197146563
9 0.2515335849609375 0.34951976134889756 0.251934626953125 0.35910731971465626 0.25385962890625 0.35910731971465626 0.2536190034179687 0.3448325110246433 0.25658671484375 0.3453651530479896 0.2564262978515625 0.3596399617380026 0.26051692724609377 0.3588942626459144 0.26244192919921877 0.3549527114137484 0.26244192919921877 0.3488805907911803 0.26051692724609377 0.34078443060959795 0.25955442626953124 0.33631023670557714 0.2577898413085937 0.3310903443579767 0.2559450478515625 0.32757490596627753 0.2542606708984375 0.3269357354085603 0.25185441845703127 0.32927936057068746 0.25105233447265624 0.33236868547341114 0.2512127509765625 0.34025178858625166 0.2515335849609375 0.34951976134889756
9 0.2892315390625 0.33247521335927366 0.289552373046875 0.3205440298313878 0.2924398759765625 0.32065055836575873 0.2918784169921875 0.3294924176394293 0.2938034189453125 0.32320724059662775 0.2940440439453125 0.3140457963683528 0.29308154296875 0.30925201686121917 0.29083570751953125 0.3076540907911803 0.28907112255859374 0.3077606193255512 0.28674507861328125 0.3158567795071336 0.2847398681640625 0.3211832003891051 0.2854617436523437 0.32927936057068746 0.2892315390625 0.33247521335927366
9 0.30326801171875 0.3375885778210117 0.3071982236328125 0.34003873151750974 0.3129732294921875 0.3396126180285343 0.31385552197265626 0.3347123106355383 0.3119305205078125 0.3257639228274968 0.3119305205078125 0.3223550129701686 0.3151388569335937 0.32214195654993516 0.31457739794921874 0.31511108041504543 0.31168989501953126 0.31084994357976653 0.310406560546875 0.3167090064850843 0.31016593505859374 0.3218223709468223 0.3102461435546875 0.3246986387808041 0.30727843212890626 0.32448558171206227 0.30599509765625 0.32065055836575873 0.30743884912109376 0.3174547055771725 0.30631593115234373 0.31319356874189364 0.30439092919921873 0.3141523242542153 0.30358884521484375 0.3205440298313878 0.304070095703125 0.32906630415045396 0.30326801171875 0.3375885778210117
1 0.27832319482421874 0.26099464072632944 0.28257424072265624 0.2624860382619974 0.28409820068359376 0.26866468741893645 0.28482007666015624 0.2718605402075227 0.2882690380859375 0.26919732944228275 0.288429455078125 0.25886407198443584 0.2875471625976562 0.2509809688715953 0.2833763251953125 0.24916998573281454 0.28129090625 0.24895692866407265 0.27728048583984377 0.25311153696498057 0.27599715087890625 0.26099464072632944 0.275836734375 0.2665341186770428 0.27832319482421874 0.26099464072632944
1 0.2558648393554688 0.2465067749675746 0.2548221298828125 0.23670615953307395 0.2578700493164062 0.23489517639429314 0.2569877568359375 0.229994869001297 0.2536190034179687 0.22786430025940338 0.24936795751953125 0.22924916990920882 0.24840545654296875 0.2296752833981842 0.2465606630859375 0.23617351750972765 0.248084623046875 0.23851714267185473 0.2490471240234375 0.25002221271076525 0.2558648393554688 0.2465067749675746
5 0.371846205078125 0.21699840142671856 0.36919932763671875 0.21710492931258107 0.36831703515625 0.2222182937743191 0.36518890673828125 0.22093995265888458 0.36687328369140626 0.2285034708171206 0.3736107900390625 0.2296752833981842 0.3722472470703125 0.2222182937743191 0.371846205078125 0.21699840142671856
7 0.39029414013671876 0.22424233398184176 0.3896524731445313 0.2220052373540856 0.38371705029296876 0.22402927691309987 0.3857222607421875 0.2347886478599222 0.3911764326171875 0.23553434695201036 0.390213931640625 0.2258402607003891 0.39029414013671876 0.22424233398184176
7 0.41997125341796876 0.22040731063553826 0.4192493774414062 0.21763757198443578 0.411629578125 0.2166788158236057 0.41275249609375 0.2225378793774319 0.4130733295898438 0.2302079260700389 0.41981083642578126 0.2294622269779507 0.41997125341796876 0.22040731063553826
7 0.44988899169921875 0.22818388586251623 0.4489264907226562 0.2232835784695201 0.444595236328125 0.22285746433203632 0.43970252294921874 0.22477497600518806 0.44162752490234375 0.23553434695201036 0.44122648291015626 0.23947589883268483 0.4510119091796875 0.24011506939040206 0.44988899169921875 0.22818388586251623
9 0.4766786015625 0.21635923086900127 0.47563589208984375 0.21369602010376137 0.473149431640625 0.21444171919584953 0.4680160927734375 0.2148678326848249 0.4664119248046875 0.2168918728923476 0.46785567626953123 0.2302079260700389 0.475876517578125 0.22956875551232167 0.47523485009765626 0.2189159130998703 0.4766786015625 0.21635923086900127
9 0.5059546728515625 0.2590771290531777 0.5054734223632813 0.24288480869001297 0.5087619672851562 0.24203258106355383 0.5084411333007812 0.23628004604409858 0.5037890454101562 0.23702574513618677 0.49841508154296876 0.2374518586251621 0.4963296630859375 0.23532129053177692 0.4932817431640625 0.23979548378728924 0.49665049658203125 0.2612076971465629 0.5025859194335938 0.2603554701686122 0.5059546728515625 0.2590771290531777
7 0.56619119140625 0.24810470103761348 0.577660994140625 0.24789164461738003 0.5762172426757812 0.23468211997405963 0.5784630786132813 0.2347886478599222 0.5791047456054688 0.22818388586251623 0.5757359921875 0.22754471530479894 0.5723672392578125 0.22733165823605705 0.5690786938476563 0.22722512970168612 0.5665120249023438 0.2258402607003891 0.5644266059570312 0.2294622269779507 0.5640255639648437 0.23638657457846954 0.56619119140625 0.23638657457846954 0.56619119140625 0.24810470103761348
9 0.5968308051757812 0.2375583871595331 0.604851646484375 0.2389432568093385 0.6079797744140625 0.23947589883268483 0.6071776904296875 0.22829041439688716 0.6095839428710937 0.22488150453955905 0.6082203999023438 0.22264440791180284 0.605974564453125 0.22456191958495458 0.602365185546875 0.22541414656290532 0.6017235185546875 0.22317704993514914 0.6017235185546875 0.2215791232166018 0.5977933061523437 0.22275093579766536 0.595788095703125 0.22402927691309987 0.5943443442382812 0.23191238067444878 0.5966703881835937 0.2335103067444877 0.5968308051757812 0.2375583871595331
8 0.6273902109375 0.2637643793774319 0.6312402143554687 0.2632317373540856 0.6296360463867188 0.24927651361867706 0.6326839658203125 0.246826359922179 0.6314006313476562 0.242778280155642 0.6281120864257812 0.24416314915693904 0.6261870844726563 0.249383042153048 0.6241818740234375 0.2508744403372244 0.621855830078125 0.2465067749675746 0.6216954135742188 0.24437620622568093 0.6200110366210938 0.24448273476005186 0.6188079106445312 0.2465067749675746 0.6200110366210938 0.2580118450064851 0.6241818740234375 0.259609771076524 0.6273902109375 0.2637643793774319
9 0.6434318935546876 0.24640024643320363 0.6520141938476562 0.24895692866407265 0.6520944018554687 0.24416314915693904 0.653137111328125 0.23990201232166017 0.6485652319335937 0.2390497853437095 0.6492068994140625 0.23084709662775618 0.6474423139648438 0.22978181193255512 0.6432714765625 0.23106015304798963 0.6431110595703124 0.2343625343709468 0.6447954365234375 0.23958242736705576 0.6434318935546876 0.24640024643320363
9 0.5050723798828125 0.4796974967574578 0.507157798828125 0.4932266063553826 0.5098046762695313 0.5062230745784696 0.5130932211914062 0.5096319837872892 0.51975051953125 0.5097385123216602 0.525525525390625 0.5057969604409857 0.5304182387695312 0.49610287418936444 0.5302578217773437 0.48768712840466927 0.528011986328125 0.4829998774319066 0.5276911528320313 0.4744776037613489 0.5264078178710937 0.46595533009079115 0.5251244833984375 0.45977668093385216 0.521675521484375 0.4576461128404669 0.5183067680664063 0.45849833981841764 0.513494263671875 0.46201377821011674 0.508280716796875 0.46361170428015563 0.5031473779296874 0.4670206141374838 0.5002598754882812 0.4722405071335927 0.5031473779296874 0.4757559448767834 0.5050723798828125 0.4796974967574578
9 0.485180693359375 0.5047316763942932 0.48678486181640623 0.5078210006485084 0.48469944287109373 0.5135735356679637 0.48662444482421874 0.5208174682230869 0.49031403173828125 0.5199652412451362 0.49504632861328124 0.521669695849546 0.4984952900390625 0.5258243041504539 0.504430712890625 0.5213501108949417 0.5086817587890625 0.5112299105058365 0.5091630092773437 0.5052643184176394 0.50635571484375 0.4900307535667964 0.504430712890625 0.48236070687418936 0.5018640434570313 0.4744776037613489 0.4972921640625 0.4731992626459144 0.49312132666015623 0.4744776037613489 0.4891911142578125 0.476821228923476 0.48213277392578124 0.48406516212710765 0.4806890224609375 0.4925874357976654 0.479967146484375 0.5029206932555123 0.485180693359375 0.5047316763942932
2 0.4470014887695313 0.6035900544747081 0.45285670263671873 0.6015660142671855 0.462962962890625 0.5930437405966277 0.46248171240234376 0.5799407444876784 0.458310875 0.5778101757457847 0.4559848310546875 0.5781297607003891 0.450931701171875 0.5810060285343709 0.44627961279296874 0.5851606368352789 0.4441941943359375 0.593789439688716 0.4470014887695313 0.6035900544747081
9 0.3929165571289063 0.7451629312581064 0.4019459765625 0.7377131186770428 0.41070177734375 0.7226317918287938 0.4108385869140625 0.69810192153048 0.40605025830078123 0.6770244040207521 0.3992097890625 0.6655771316472114 0.394147841796875 0.6586724273670558 0.3903171787109375 0.6564919948119325 0.3834767094726563 0.6683026725032426 0.3801932841796875 0.6839291083009078 0.38566565966796873 0.7039164092088197 0.3929165571289063 0.7451629312581064
9 0.26294764013671873 0.6721184299610895 0.26595744677734373 0.6684843754863813 0.26582063720703125 0.6750256738002594 0.27402920068359377 0.6706648080415046 0.28182733544921873 0.6746622684824903 0.28989908935546876 0.6830205946822308 0.3056321689453125 0.6806584591439689 0.30617940625 0.6721184299610895 0.3000229838867188 0.6552200752269779 0.2968763681640625 0.6397753424124514 0.29564508349609375 0.6339608553826199 0.3000229838867188 0.6339608553826199 0.30221193408203123 0.6288731783398184 0.3026223623046875 0.6228769883268482 0.2982444619140625 0.612338228923476 0.2872997109375 0.602889686770428 0.280869669921875 0.6039799033722438 0.27991200439453123 0.6166990946822309 0.27676538818359375 0.6245123125810635 0.268693634765625 0.6270561511024643 0.26294764013671873 0.6221501770428016 0.26021145263671874 0.6174259059662776 0.25419183935546874 0.6328706387808042 0.249813939453125 0.647225154993515 0.2524133173828125 0.6701197003891051 0.26294764013671873 0.6721184299610895
9 0.2665046845703125 0.7715098281452659 0.27252429736328126 0.7698745038910506 0.273481962890625 0.7680574760051881 0.2763549599609375 0.77332685538262 0.2749868662109375 0.7804132626459145 0.2762181508789063 0.7889532911802853 0.2826481918945313 0.797311617380026 0.28853099560546874 0.7989469416342413 0.320681201171875 0.7193611420233463 0.3120622099609375 0.7075504643320363 0.30440088427734374 0.7062785453955902 0.29810765234375 0.7086406809338522 0.2911303740234375 0.7091857885862516 0.281553716796875 0.7164538981841764 0.2747132475585938 0.7206330616083009 0.2682832065429688 0.729536495460441 0.261989974609375 0.7349875778210117 0.2574752646484375 0.7467982555123217 0.2584329306640625 0.7626063942931257 0.2665046845703125 0.7715098281452659
2 0.8899450571289063 0.34178285149156945 0.897880001953125 0.3457803119325551 0.8950070048828125 0.35341182684824907 0.8988376674804688 0.3592263145265888 0.9048572802734375 0.3679480460440986 0.9055413271484375 0.37648807457846956 0.9104664653320312 0.36722123476005186 0.9108768935546875 0.3492326634241245 0.9074566586914062 0.3239759831387808 0.899932142578125 0.3130738184176394 0.8943229575195313 0.3156176569390402 0.883788634765625 0.3114384941634241 0.8787266875 0.3239759831387808 0.8829677788085938 0.3292453625162127 0.8851567290039063 0.3363317691309987 0.8899450571289063 0.34178285149156945
9 0.83152744921875 0.34396328404669263 0.835221302734375 0.3328794169909209 0.8397360126953125 0.33960241828793775 0.8423353911132813 0.34541690596627755 0.8350844936523437 0.3535935291828794 0.8380942998046875 0.35995312516212713 0.8465764819335938 0.3601348281452659 0.8512280009765625 0.3570458813229572 0.8587525170898438 0.35849950324254215 0.862172751953125 0.36049823346303506 0.8579316611328125 0.35395693514915694 0.8586157080078125 0.3465071225680934 0.8606678486328125 0.33615006679636833 0.8675083178710937 0.33069898443579765 0.8673715087890626 0.3197968197146563 0.8639512739257813 0.3127104130998703 0.8579316611328125 0.3139823326848249 0.8531433325195312 0.32070533398184176 0.8454820068359375 0.31452744033722435 0.8390519658203125 0.3132555214007782 0.836589396484375 0.30362527626459146 0.8300225463867188 0.31652617055771726 0.8270127397460938 0.32942706485084305 0.8259182646484375 0.3366951744487678 0.83152744921875 0.34396328404669263
2 0.7945889150390625 0.37448934435797665 0.8007453374023438 0.3855732114137484 0.8052600473632813 0.39774729507133594 0.8059440942382813 0.4115567029831388 0.814289466796875 0.41936992088197145 0.8114164697265625 0.3982924033722438 0.8121005166015625 0.3695833702983139 0.8118268979492187 0.359589719844358 0.8188041767578125 0.35831780090791177 0.8275599770507812 0.3657676128404669 0.8211299360351563 0.3470522308690013 0.8144262763671875 0.3370585804150454 0.8036183344726563 0.33378793060959794 0.7995140532226562 0.33433303891050586 0.7907582524414063 0.34069263488975354 0.7821392612304687 0.3490509610894942 0.7843282114257812 0.3752161549935149 0.7945889150390625 0.37448934435797665