1 0.10034072509765625 0.38882875032425424 0.1069178154296875 0.38169134565499346 0.105955314453125 0.3711450317769131 0.103709478515625 0.3601726037613489 0.10122301806640625 0.36091830285343707 0.10034072509765625 0.36496638326848246 0.0967313466796875 0.363581513618677 0.09512717822265625 0.36485985473411153 0.09368342724609376 0.375299640077821 0.0945657197265625 0.38169134565499346 0.09801468115234375 0.3799868910505837 0.10034072509765625 0.38882875032425424
9 0.105955314453125 0.43506208690012965 0.1090834423828125 0.43357068871595333 0.1098855263671875 0.44571492931258105 0.11108865283203125 0.4545567885862516 0.1167834501953125 0.449869537613489 0.1115699033203125 0.4328249896238651 0.1085219833984375 0.420254635538262 0.10587510595703126 0.41631308365758757 0.1017844765625 0.4170587827496757 0.10066155908203125 0.42345048832684823 0.10258656103515625 0.4372991835278859 0.10780010791015625 0.4507217652399481 0.105955314453125 0.43506208690012965
7 0.123200123046875 0.43761876848249026 0.12632825146484375 0.443264775616083 0.13892097216796875 0.43708612645914396 0.13795847119140625 0.4292030233463035 0.13972305615234376 0.4239831303501945 0.1414876416015625 0.41918935149156944 0.140525140625 0.4135433450064851 0.1345897177734375 0.41024096368352786 0.12897512890625 0.41024096368352786 0.12440324951171874 0.4122650038910506 0.11918970263671876 0.4179110103761349 0.11582094921875 0.4297356653696498 0.115259490234375 0.43452944422827494 0.123200123046875 0.43761876848249026
9 0.12809283642578126 0.3539939552529183 0.1266490849609375 0.3494132328145266 0.12865429541015624 0.34866753437094683 0.12785221142578124 0.34238235732814526 0.12464387451171875 0.339079976005188 0.123200123046875 0.34078443060959795 0.1203126201171875 0.34706960765239947 0.12071366259765624 0.35591146692607 0.12127512109375 0.3617705304798962 0.12961679638671875 0.3597464902723736 0.12809283642578126 0.3539939552529183
7 0.163544955078125 0.3350318955901427 0.16266266259765624 0.3256573942931258 0.1598553681640625 0.321289728923476 0.1576897412109375 0.32065055836575873 0.15608557275390625 0.32267459857328146 0.15504286328125 0.32906630415045396 0.1565668232421875 0.3360971802853437 0.159454326171875 0.33726899286640727 0.163544955078125 0.3350318955901427
9 0.1689189189453125 0.3332209124513619 0.17669913525390624 0.3286401900129702 0.17501475830078125 0.3159633080415045 0.17316996484375 0.31266092671854734 0.1730095478515625 0.3167090064850843 0.17036267041015624 0.31809387613488976 0.16827725146484376 0.31393926783398185 0.1661918330078125 0.3189461037613489 0.16627204150390626 0.3282140765239948 0.1697210029296875 0.3282140765239948 0.1689189189453125 0.3332209124513619
9 0.18423872607421876 0.29305969649805447 0.18407830908203124 0.2985991744487678 0.1823939326171875 0.3037125389105058 0.182794974609375 0.3061626926070039 0.18913143896484375 0.30222114072632944 0.18680539501953125 0.28837244552529184 0.182794974609375 0.2796371147859922 0.18119080615234376 0.28198073994811934 0.1804689306640625 0.29050301426718544 0.18103038916015626 0.3028603112840467 0.1820730986328125 0.29348580998702983 0.18423872607421876 0.29305969649805447
7 0.1546418212890625 0.2990252879377432 0.1524761943359375 0.2933792814526589 0.1532782783203125 0.2909291277561608 0.15496265478515625 0.2938053955901427 0.15632619775390624 0.3015819701686122 0.16009599365234375 0.301901555771725 0.16474808154296874 0.2990252879377432 0.1648282900390625 0.29146176977950716 0.16338453857421875 0.28485700778210116 0.16442724755859375 0.284111308690013 0.1656303740234375 0.28837244552529184 0.1661918330078125 0.29188788391699094 0.1672345419921875 0.289224673151751 0.1658709990234375 0.28080892736705576 0.162181412109375 0.27857183073929964 0.160817869140625 0.27857183073929964 0.15993557666015626 0.2811285129701686 0.1576897412109375 0.28251338261997405 0.1552032802734375 0.2816611549935149 0.15223556884765624 0.2859222918287938 0.15047098388671876 0.2932727535667964 0.15400015380859375 0.3015819701686122 0.1546418212890625 0.2990252879377432
9 0.2214554296875 0.3386538625162127 0.22715022705078125 0.3374820492866408 0.2266689765625 0.3253378093385214 0.22947627099609375 0.3246986387808041 0.22907522900390626 0.33652329377431905 0.23276481591796874 0.3332209124513619 0.23276481591796874 0.32437905317769133 0.23140127294921875 0.31202175616083005 0.22891481201171876 0.3069083916990921 0.2249043916015625 0.3049908800259403 0.2218564716796875 0.30989118741893645 0.22153563818359376 0.3211832003891051 0.22209709716796874 0.3331143839169909 0.2214554296875 0.3386538625162127
9 0.2561856728515625 0.35175685862516215 0.26244192919921877 0.35207644357976653 0.26268255419921877 0.3438737548638132 0.2620408872070312 0.3360971802853437 0.263484638671875 0.3342861964980545 0.26452734765625 0.3404648456549935 0.26500859814453126 0.3501589319066148 0.2671742255859375 0.3471761361867704 0.2654898486328125 0.33631023670557714 0.2622013037109375 0.32395293968871597 0.25899296728515625 0.32065055836575873 0.25722838232421874 0.32139625745784695 0.255223171875 0.32437905317769133 0.2535387954101562 0.32597697989623864 0.254661712890625 0.3375885778210117 0.2561856728515625 0.35175685862516215
9 0.28129090625 0.32597697989623864 0.27992736328125 0.3174547055771725 0.2822534072265625 0.31628289299610896 0.2813711147460938 0.3094650739299611 0.279125279296875 0.30509740856031126 0.27720027734375 0.3055235220492867 0.27615756787109375 0.3094650739299611 0.27720027734375 0.3164959500648509 0.2748742333984375 0.31606983592736704 0.27367110693359376 0.31223481258106356 0.2729492314453125 0.31330009727626457 0.27351068994140626 0.3224615415045396 0.275515900390625 0.3286401900129702 0.2792054873046875 0.32927936057068746 0.28129090625 0.32597697989623864
9 0.31441698095703124 0.3246986387808041 0.31674302490234374 0.32448558171206227 0.31610135791015626 0.33343396952010373 0.31553989892578127 0.3396126180285343 0.31866802685546874 0.33780163488975357 0.31882844384765624 0.3276814345006485 0.3176253173828125 0.31798734760051883 0.3154596904296875 0.3124478696498055 0.31369510546875 0.3124478696498055 0.3119305205078125 0.31809387613488976 0.3123315625 0.32448558171206227 0.31120864453125 0.3252312808041505 0.30872218359375 0.31979833073929964 0.30920343408203127 0.3317295149156939 0.30920343408203127 0.3397191465629053 0.3132138549804688 0.3398256750972763 0.31441698095703124 0.3246986387808041
5 0.36855766015625 0.2222182937743191 0.37072328759765627 0.22243135084306095 0.369119119140625 0.21678534435797667 0.3662316162109375 0.21646575875486382 0.36342432177734374 0.2217921802853437 0.3639857807617187 0.2294622269779507 0.36984099462890624 0.23042098249027235 0.3673545341796875 0.22402927691309987 0.36855766015625 0.2222182937743191
7 0.39085559912109374 0.23169932360570686 0.39278060107421875 0.2302079260700389 0.391096224609375 0.22402927691309987 0.38700559521484373 0.22285746433203632 0.38419830078125 0.22797082879377434 0.38532121875 0.23446906290531777 0.38467955126953124 0.23958242736705576 0.390534765625 0.23862367120622568 0.39085559912109374 0.23169932360570686
9 0.3880483046875 0.20762389948119325 0.3873264291992187 0.2128437924773022 0.3882087216796875 0.21603964526588845 0.390213931640625 0.2205138391699092 0.39237955908203126 0.22296399286640725 0.393823310546875 0.22647943125810638 0.39647018798828126 0.2250945616083009 0.3937431020507812 0.21614617380025938 0.3963899794921875 0.21497436121919583 0.394063935546875 0.20773042801556418 0.38989309814453127 0.20741084306095978 0.3880483046875 0.20762389948119325
7 0.4183670849609375 0.2205138391699092 0.4183670849609375 0.2181702140077821 0.420131669921875 0.21508088975356682 0.416843125 0.2115654513618677 0.41339416357421876 0.21263073605706875 0.4115493701171875 0.21369602010376137 0.4104264521484375 0.21944855512321662 0.41106811962890627 0.22456191958495458 0.4109879111328125 0.23084709662775618 0.4192493774414062 0.2289295849546044 0.4183670849609375 0.2205138391699092
7 0.4345691845703125 0.2159331167315175 0.43697543701171876 0.2141221335927367 0.43633376953125 0.21007405382619973 0.43384730908203123 0.208156542153048 0.4300775131835938 0.20741084306095978 0.42710980224609374 0.20879571271076525 0.42614730126953126 0.21018058171206225 0.427831677734375 0.21944855512321662 0.42927542919921874 0.2256272036316472 0.43561189404296874 0.22339010635538262 0.4345691845703125 0.2159331167315175
7 0.45149315966796877 0.24032812645914395 0.4510921176757812 0.23638657457846954 0.44900669921875 0.23201890920881973 0.45221503564453125 0.23084709662775618 0.45012961669921875 0.22370969195849547 0.4470014887695313 0.2214725953307393 0.4436327353515625 0.22264440791180284 0.4404243989257812 0.2256272036316472 0.442108775390625 0.23265807976653696 0.4411462744140625 0.23947589883268483 0.446199404296875 0.24213910959792478 0.45149315966796877 0.24032812645914395
7 0.453658787109375 0.20836959857328147 0.45606503955078126 0.20762389948119325 0.45478170458984374 0.2020844215304799 0.45045045068359374 0.20197789299610894 0.44812440625 0.2041084617380026 0.4488462822265625 0.2084761271076524 0.4490869072265625 0.2133764345006485 0.45438066259765625 0.21295032101167316 0.453658787109375 0.20836959857328147
9 0.4471619052734375 0.20165830804150453 0.44571815380859375 0.19750369974059662 0.44796398974609375 0.19633188651102462 0.447081697265625 0.19025976653696497 0.44371294384765625 0.1900467094682231 0.44026398193359373 0.19249686316472117 0.44002335693359373 0.19420131841763943 0.44218898388671873 0.1997407963683528 0.4425098173828125 0.20932835473411152 0.44796398974609375 0.208156542153048 0.4471619052734375 0.20165830804150453
9 0.4741119326171875 0.2217921802853437 0.47619735107421873 0.22019425421530478 0.47403172412109373 0.21316337808041505 0.4683369267578125 0.2141221335927367 0.4662515078125 0.21603964526588845 0.4675348427734375 0.22211176523994813 0.4675348427734375 0.22978181193255512 0.4751546416015625 0.22978181193255512 0.4741119326171875 0.2217921802853437
3 0.491757783203125 0.22552067509727627 0.490153615234375 0.2141221335927367 0.48814840478515625 0.21092628080415046 0.48550152734375 0.212098093385214 0.4822931904296875 0.2141221335927367 0.48269423291015623 0.21976814007782103 0.48638381982421874 0.22445539105058365 0.48935153125 0.22797082879377434 0.491757783203125 0.22552067509727627
9 0.4892713227539062 0.2465067749675746 0.487667154296875 0.24075423994811934 0.48702548681640623 0.23691921660181584 0.48991298974609376 0.23468211997405963 0.48854944677734374 0.2302079260700389 0.4845390263671875 0.2287165278858625 0.48173173193359375 0.2340429494163424 0.47980672998046875 0.24171299546044098 0.48060881396484373 0.24735900194552526 0.4892713227539062 0.2465067749675746
9 0.49624945458984376 0.2600358845654993 0.5059546728515625 0.25854448702983135 0.5042702958984375 0.2419260525291829 0.5077994663085937 0.2380910291828794 0.5078796743164062 0.23340377885862518 0.5035484204101562 0.2343625343709468 0.496730705078125 0.23596046108949414 0.49416403564453126 0.24000854085603113 0.494244244140625 0.24863734306095978 0.49544737060546873 0.24927651361867706 0.49624945458984376 0.2600358845654993
9 0.515419265625 0.239156313229572 0.5140557221679688 0.23233849416342414 0.5165421831054687 0.2302079260700389 0.5153390571289063 0.22317704993514914 0.5117296782226562 0.22211176523994813 0.5079598828125 0.2222182937743191 0.5075588408203126 0.22807735732814527 0.5089223837890625 0.23851714267185473 0.51453697265625 0.2414999390402075 0.515419265625 0.239156313229572
7 0.578222453125 0.24810470103761348 0.5767787016601562 0.2390497853437095 0.5798266215820312 0.23798450064850843 0.5778214111328125 0.22935569844357978 0.572447447265625 0.22626637418936443 0.5688380688476562 0.2258402607003891 0.5653088984375 0.2225378793774319 0.5646672314453125 0.2271186018158236 0.56643181640625 0.23319072178988326 0.5665120249023438 0.2448023197146563 0.57413182421875 0.24927651361867706 0.578222453125 0.24810470103761348
9 0.6055735224609375 0.23883672827496755 0.6083006083984375 0.24022159792477302 0.6079797744140625 0.23393642088197147 0.6110276943359375 0.23233849416342414 0.6099047763671875 0.2258402607003891 0.6039693540039063 0.22285746433203632 0.6034078950195313 0.22701207328145265 0.5991568491210938 0.22722512970168612 0.5995578911132813 0.2250945616083009 0.5984349736328125 0.2225378793774319 0.5961089291992188 0.22349663488975358 0.5961089291992188 0.2271186018158236 0.5981943481445312 0.23095362451361867 0.5975526806640625 0.23777144422827498 0.6055735224609375 0.23883672827496755
9 0.6047714379882813 0.2759086199740597 0.6042901875 0.2654688346303502 0.6065360234375 0.2618468677042802 0.6050922719726562 0.2565204468223087 0.6017235185546875 0.2554551627756161 0.600761017578125 0.26387090791180284 0.5948255947265625 0.2689842723735409 0.5937026772460937 0.27207359662775615 0.6047714379882813 0.2759086199740597
8 0.6258662509765625 0.2616338112840467 0.6300370883789063 0.264723135538262 0.6321225073242187 0.264723135538262 0.6322027153320312 0.2603554701686122 0.6298766713867188 0.25641391828793775 0.6330850083007813 0.2554551627756161 0.6318818818359375 0.24799817250324255 0.62899437890625 0.2450153767833982 0.6260266674804688 0.24512190531776915 0.6234599985351562 0.2458676044098573 0.6201714536132813 0.24032812645914395 0.619128744140625 0.24267175162127108 0.6213745795898438 0.2477851160830091 0.6220964555664062 0.25769225940337226 0.6258662509765625 0.2616338112840467
9 0.6401433486328125 0.24661330350194552 0.6500089833984375 0.24767858754863814 0.6495277329101562 0.24299133657587546 0.6488860654296875 0.23819755771725032 0.6520141938476562 0.23734533009079117 0.6500089833984375 0.23212543774319067 0.6468808549804688 0.23084709662775618 0.6453568955078125 0.23084709662775618 0.6435121020507812 0.23596046108949414 0.6431110595703124 0.23830408625162128 0.640785015625 0.2378779721141375 0.6401433486328125 0.24661330350194552
9 0.51020571875 0.5086732282749675 0.5185473935546875 0.5095254552529183 0.526889068359375 0.5036663923476006 0.53017761328125 0.49333313488975356 0.5284932368164063 0.47895179766536966 0.5268088603515625 0.4658488015564202 0.5242421909179688 0.4582852833981842 0.518948435546875 0.45849833981841764 0.5129328046875 0.46265294876783397 0.5069171733398438 0.4649965739299611 0.5025057109375 0.46883159727626456 0.5037088369140625 0.47586247341115434 0.5068369653320313 0.4855565596627756 0.51020571875 0.5086732282749675
9 0.4791650625 0.49972484046692606 0.48173173193359375 0.5018554092088198 0.48542131884765627 0.49972484046692606 0.48774736279296876 0.5069687730220493 0.48461923486328123 0.5119756089494164 0.48461923486328123 0.516662859922179 0.48790777978515626 0.5219892814526589 0.492880701171875 0.5204978832684826 0.49833487353515626 0.5234806789883268 0.5018640434570313 0.5239067931258107 0.506034880859375 0.516556331387808 0.5086817587890625 0.5071818300907912 0.5074786323242187 0.49620940207522696 0.5057140473632813 0.48790018547341113 0.503067169921875 0.47756692801556416 0.5009817509765625 0.4704295233463035 0.4935223686523437 0.4719209215304799 0.4891911142578125 0.47607552983138784 0.48237339892578124 0.4824672354085603 0.4791650625 0.49972484046692606
2 0.483817150390625 0.5754665505836576 0.48822861328125 0.5677965038910505 0.49119632470703123 0.5579958884565499 0.48967236474609377 0.5537347516212711 0.484137984375 0.5549065642023346 0.48060881396484373 0.5578893605706874 0.47748068603515625 0.5685422029831388 0.4787640205078125 0.5754665505836576 0.483817150390625 0.5754665505836576
2 0.45149315966796877 0.6027378268482491 0.46304317138671874 0.5925110985732814 0.46248171240234376 0.5820713125810635 0.45999525146484377 0.5780232328145266 0.456385873046875 0.5770644766536965 0.452535869140625 0.5797276874189364 0.4502098251953125 0.5882499610894942 0.4502098251953125 0.5973048774319066 0.45149315966796877 0.6027378268482491
8 0.26748152099609374 0.7604433210116732 0.2785395532226563 0.7628911005188068 0.2766965478515625 0.7721926601815824 0.27706514892578127 0.7893271128404669 0.2856658408203125 0.7987918579766538 0.30876484228515627 0.7983023022049287 0.32596622607421877 0.790306224383917 0.32879216796875 0.7831260726329442 0.3324781787109375 0.7868793339818417 0.3425532749023438 0.7850842957198443 0.34587068505859375 0.7641965823605706 0.3415703388671875 0.7535895402075227 0.330389439453125 0.7431456835278859 0.32608909326171875 0.7380869403372243 0.3144167255859375 0.7379237548638132 0.3013928208007812 0.7379237548638132 0.2993040810546875 0.72193159922179 0.2920549262695312 0.7191574500648509 0.2797682236328125 0.7176887827496757 0.269938861328125 0.7287853806744488 0.26576138232421875 0.7447775363164721 0.26748152099609374 0.7604433210116732
9 0.263795509765625 0.6733023910505836 0.266867185546875 0.6718337237354085 0.26834158984375 0.6767292821011672 0.275836478515625 0.6834198774319066 0.30667610302734377 0.6811352840466927 0.30950204443359375 0.6747710590142671 0.3015156875 0.6491509727626459 0.294020798828125 0.6445817853437095 0.300164150390625 0.6312005940337224 0.3050788315429688 0.6236940719844358 0.29746107568359376 0.6091705836575876 0.28947471875 0.6015008761348898 0.28468290478515623 0.6015008761348898 0.28369996875 0.6166771057068742 0.2784166865234375 0.6220622191958495 0.26858732421875 0.6215726634241245 0.2615839033203125 0.6207567367055772 0.255071951171875 0.6382175603112841 0.2534746796875 0.6462136381322957 0.2545804829101562 0.6706914273670558 0.263795509765625 0.6733023910505836
9 0.36552940966796876 0.7268271575875487 0.3701983564453125 0.72193159922179 0.3719184951171875 0.7253584902723735 0.39108575146484376 0.743635239299611 0.40533832666015623 0.7361287172503242 0.40976153955078126 0.7180151530479897 0.4141847529296875 0.7059394435797666 0.41295608251953125 0.6879890648508431 0.4059526616210937 0.6667749811932555 0.40472399169921874 0.6628585343709469 0.4096386728515625 0.6545360862516212 0.4093929384765625 0.6449081556420234 0.40128371484375 0.6367488923476006 0.38789120849609376 0.6326692613488976 0.3838365966796875 0.6347906692607004 0.3853110009765625 0.6462136381322957 0.3805191870117188 0.6628585343709469 0.37351576611328124 0.6651431284046692 0.36233486669921877 0.674444688067445 0.3566829833984375 0.6974538099870298 0.3522597705078125 0.7173624124513618 0.36552940966796876 0.7268271575875487
2 0.7593182353515625 0.4126955278858625 0.7653387197265625 0.41938612386511026 0.773693677734375 0.41938612386511026 0.7803284970703125 0.4118796018158236 0.7877005190429688 0.4118796018158236 0.7924923330078125 0.4045362645914397 0.802198828125 0.3924605551232166 0.8044104350585938 0.38707544163424124 0.8083421796875 0.3882177386511025 0.8182944091796875 0.383158995460441 0.813011126953125 0.3686355071335928 0.8073592436523438 0.36047624383916993 0.8010930249023438 0.35182742477302203 0.7953182749023437 0.3498692016861219 0.7939667373046875 0.35133786900129704 0.7848745771484374 0.3550911303501946 0.7773796884765625 0.3663509130998703 0.7684103955078125 0.3867490713359274 0.7593182353515625 0.4126955278858625
2 0.7300758828125 0.39180781452658886 0.7351134306640625 0.39833522503242547 0.7380622397460938 0.39197099935149154 0.7413796494140625 0.38740181193255513 0.7455571284179687 0.37059373022049286 0.7421168515625 0.36390313424124515 0.7401509790039063 0.36112898508430613 0.7340076274414062 0.3671668398184176 0.728478611328125 0.3781002522697795 0.7303216166992188 0.38560677431906615 0.7300758828125 0.39180781452658886
2 0.8900487534179687 0.33697756614785995 0.8982808447265626 0.3436681621271076 0.8960692377929688 0.3484005343709468 0.897297908203125 0.3550911303501946 0.9014753872070312 0.3603130583657588 0.9086016748046875 0.3740206206225681 0.9136392231445313 0.3670036543450065 0.91388495703125 0.3498692016861219 0.911059015625 0.32832874708171206 0.904792796875 0.31494755577172506 0.9000009829101563 0.31396844422827497 0.882185263671875 0.3131525181582361 0.8769019814453125 0.32196452204928666 0.882430998046875 0.32898148832684826 0.8866084770507813 0.33371386121919583 0.8900487534179687 0.33697756614785995
9 0.8361101284179687 0.3387726044098573 0.8367244633789063 0.3350193430609598 0.8402876069335937 0.34334179118028535 0.8409019423828125 0.3484005343709468 0.8284923725585938 0.36112898508430613 0.8313183139648438 0.36667728404669264 0.840164740234375 0.3608026147859922 0.8486425649414062 0.35884439105058363 0.8525743100585937 0.3563966121919585 0.8569975229492187 0.35802846498054475 0.8665811513671875 0.36537180155642024 0.8608064008789063 0.35819165045395596 0.8622808051757812 0.34889009014267186 0.8606835336914063 0.3395885304798963 0.8585947944335938 0.33697756614785995 0.8562603208007813 0.3431786063553826 0.8525743100585937 0.33632482490272375 0.85368011328125 0.33012378534370945 0.858103326171875 0.32604415369649803 0.8636323427734375 0.32278044811932555 0.8624036723632813 0.31445799999999996 0.8565060546875 0.3123365914396887 0.8466766923828125 0.31690577885862514 0.84151627734375 0.31641622308690015 0.8330384526367187 0.3187008171206226 0.8284923725585938 0.3257177833981842 0.8255435639648437 0.32979741439688715 0.8275094360351563 0.34268905058365756 0.8330384526367187 0.3435049766536965 0.8361101284179687 0.3387726044098573