1 0.0797345693359375 0.4040207522697795 0.0818249990234375 0.4040207522697795 0.08203125 0.40121295525291834 0.08203125 0.39666443514915695 0.0765994384765625 0.38354764461738006 0.0734818427734375 0.3795795505836576 0.06867554931640625 0.38009712775616084 0.0691951484375 0.38941352269779506 0.07231274462890624 0.39700465953307396 0.0753004404296875 0.39476182360570683 0.07737883740234375 0.4035606413748379 0.0797345693359375 0.4040207522697795
9 0.08732163330078126 0.42029432619974055 0.089849263671875 0.4280155642023346 0.0903188408203125 0.4280155642023346 0.09472592333984375 0.4256426271076524 0.09030932958984375 0.4173613865110246 0.0895299306640625 0.4114955084306096 0.09225782666015625 0.4102878274967574 0.0943362236328125 0.41960422243839174 0.09716796875 0.42303815045395593 0.09716796875 0.4220305389105058 0.0961548212890625 0.4142559215304799 0.09290732568359375 0.4020065881971465 0.0901794296875 0.3956231316472114 0.0845937373046875 0.3952780804150454 0.083984375 0.4019145188067445 0.083984375 0.4025548748378729 0.08602263525390624 0.412875715304799 0.08732163330078126 0.42029432619974055
9 0.0994279609375 0.40443389753566794 0.1016362578125 0.4039163197146563 0.10417762890625 0.41893644617380027 0.10495287841796876 0.41893644617380027 0.11423654052734375 0.4146129215304799 0.11267774267578125 0.4052965265888457 0.1121581435546875 0.39649770881971463 0.11474609375 0.3938789098573281 0.11474609375 0.3933124539559014 0.1121581435546875 0.38545605577172504 0.10956014697265624 0.38407584889753565 0.11046944580078125 0.3899417276264592 0.11098904541015625 0.3963251828793774 0.1076116494140625 0.38838899481193256 0.1038445546875 0.39132193385214004 0.09916816162109375 0.3927021407263294 0.0994279609375 0.40443389753566794
9 0.12069206689453126 0.4182879377431907 0.12572439208984376 0.4182879377431907 0.12646484375 0.4163210836575876 0.12646484375 0.40840345849546045 0.1243341005859375 0.39437682101167315 0.1217361044921875 0.3857505298313878 0.11628031201171875 0.38368021984435796 0.114591615234375 0.398344915693904 0.114591615234375 0.4024855350194553 0.11796901025390626 0.40317563942931256 0.11757931005859375 0.41766780869001296 0.12069206689453126 0.4182879377431907
7 0.145865720703125 0.4098573281452659 0.1476119814453125 0.4098573281452659 0.148352009765625 0.4001924922178988 0.15380780224609375 0.3982947081712062 0.15887389501953125 0.3953617684824902 0.1591796875 0.3909754896238651 0.1591796875 0.38435635214007785 0.15692539794921875 0.373278462386511 0.154587201171875 0.3698279455252918 0.14952110791015624 0.37069057457846954 0.14601381298828126 0.3739685654993515 0.143675615234375 0.37948939234760054 0.143805515625 0.3901859935149157 0.14510451416015624 0.40278037937743194 0.145865720703125 0.4098573281452659
7 0.1667296884765625 0.4111175077821012 0.16683600927734374 0.41115434500648507 0.17013743115234375 0.41115434500648507 0.17218548095703126 0.4062867846952011 0.1751731767578125 0.40749446562905317 0.1845259638671875 0.40438900064850847 0.1885528583984375 0.40214616472114134 0.19283955224609375 0.40369889753566796 0.19482421875 0.3991592483787289 0.19482421875 0.3977850149156939 0.1894621572265625 0.3892067276264592 0.1854352626953125 0.38058043579766543 0.17932997119140626 0.37592223800259406 0.1751731767578125 0.37626728988326846 0.1707565830078125 0.3793727548638132 0.16919778515625 0.3931748216601816 0.16776888671875 0.4033538456549935 0.1667296884765625 0.4111175077821012
9 0.1216883818359375 0.34954604409857326 0.125 0.34420523929961094 0.125 0.34298255901426716 0.1237150322265625 0.3341391439688716 0.125 0.33243252010376134 0.125 0.33109199027237357 0.12228613427734375 0.32568537808041503 0.1148818447265625 0.329308420233463 0.1134529462890625 0.3343116692607004 0.1134529462890625 0.339487444228275 0.11618084326171875 0.33931491893644616 0.11773964111328125 0.34673352918287936 0.12115137109375 0.34954604409857326 0.1216883818359375 0.34954604409857326
9 0.16064453125 0.3548849591439689 0.16064453125 0.35136540985732817 0.15938601513671874 0.3423650680933852 0.1557488203125 0.33753434370946817 0.150422927734375 0.3415024383916991 0.150422927734375 0.35530450518806744 0.1535405234375 0.35495945330739304 0.1546269169921875 0.36057068741893644 0.15512435400390626 0.36057068741893644 0.16064453125 0.3548849591439689
7 0.1640625 0.3155021225680934 0.1640625 0.31481699675745783 0.1599824833984375 0.3041486284046693 0.15621538818359376 0.30173326588845656 0.15296789306640626 0.30294094682230865 0.15387719189453125 0.3136375486381323 0.1550862216796875 0.3223086900129702 0.15888064794921875 0.3223086900129702 0.16310007958984374 0.32157373670557715 0.1640625 0.3155021225680934
7 0.16926354248046874 0.29351681128404666 0.170558322265625 0.29896238651102464 0.17402722802734374 0.29896238651102464 0.179785427734375 0.2969673274967574 0.1795256279296875 0.2911014494163424 0.181640625 0.28655350778210115 0.181640625 0.2839891037613489 0.17809672998046874 0.27678180544747083 0.175368833984375 0.2802323216601816 0.17056254052734374 0.2776444345006485 0.167315044921875 0.28144000259403373 0.16640574609375 0.29127397535667965 0.16614594677734376 0.296622275616083 0.16900374267578125 0.29644975032425425 0.16926354248046874 0.29351681128404666
9 0.18896484375 0.29289754798962386 0.18789997021484375 0.2774973151750973 0.18335347607421876 0.2780148923476005 0.1821843779296875 0.2866411841763943 0.18569167236328124 0.287158761997406 0.1861474501953125 0.29442282749675747 0.18896484375 0.29442282749675747 0.18896484375 0.29289754798962386
9 0.19640270458984374 0.28328922308690013 0.1982421875 0.2830449124513619 0.1982421875 0.2796532795071336 0.19705220361328124 0.27449040531776914 0.19367480810546875 0.27259262127107653 0.18925821435546875 0.27569808625162123 0.1904273125 0.29502097989623866 0.1906358427734375 0.29507133592736706 0.19350405615234376 0.29507133592736706 0.19523360595703124 0.2900177308690013 0.19640270458984374 0.28328922308690013
9 0.295491064453125 0.3132277464332036 0.29938805908203125 0.3137453236057069 0.29847876025390624 0.3270298119325551 0.3017578125 0.32454120817120624 0.3017578125 0.3217721530479896 0.299517958984375 0.30615418677042805 0.29432196630859375 0.29217959403372246 0.29198376953125 0.29752789559014264 0.28691767626953124 0.29994325680933853 0.2882166748046875 0.32357929571984434 0.2946181962890625 0.32814526588845655 0.2952386640625 0.32814526588845655 0.295491064453125 0.3132277464332036
9 0.31982421875 0.3448594364461738 0.31982421875 0.3444123015564202 0.31818462939453124 0.33034157328145264 0.316495931640625 0.3163669811932555 0.3107803393554687 0.3196449708171206 0.3081823432617187 0.32344054085603113 0.3083122431640625 0.33637997665369646 0.3083122431640625 0.3463035019455253 0.31706420166015625 0.3463035019455253 0.31982421875 0.3448594364461738
9 0.34715670361328127 0.31147825940337226 0.3454077221679687 0.324254215304799 0.345709392578125 0.324254215304799 0.34912109375 0.31958138067444875 0.34912109375 0.31649678080415045 0.34806600244140623 0.3092354234760052 0.3470268037109375 0.2994014513618677 0.3441690078125 0.29853882230869 0.3385833154296875 0.3023343904020752 0.3394926142578125 0.32217486121919586 0.3418308115234375 0.3242451712062257 0.34364940869140626 0.3121683625162127 0.34715670361328127 0.31147825940337226
9 0.3733639013671875 0.30439087159533074 0.37060546875 0.3058896167315175 0.37060546875 0.3065940252918288 0.37232470263671874 0.31784788651102464 0.37271440234375 0.32768185927367055 0.378040294921875 0.32906206549935146 0.37985889208984375 0.3143973702983139 0.382067189453125 0.31370726588845654 0.38232698876953125 0.3209533514915694 0.38107610693359373 0.33009079118028534 0.38147584423828124 0.33009079118028534 0.3837890625 0.3282753469520104 0.3837890625 0.3173625012970169 0.3829764877929687 0.3112919053177691 0.38258678857421874 0.30387329442282746 0.37946919287109376 0.3005953035019455 0.37700109619140626 0.3099116984435798 0.37609179736328124 0.3140523184176394 0.3741433002929688 0.3116369565499352 0.37492269921875 0.30542602658884566 0.3733639013671875 0.30439087159533074
5 0.3600274423828125 0.2303461932555123 0.3644370356445312 0.23151750972762647 0.3662109375 0.23151750972762647 0.3662109375 0.22903756614785992 0.36613273388671874 0.2282758832684825 0.363794537109375 0.22413526329442282 0.36548323486328127 0.221719902075227 0.36431413623046877 0.2177518073929961 0.3613264404296875 0.21671665239948118 0.3576892456054688 0.22051222178988328 0.3600274423828125 0.2303461932555123
7 0.39355526611328123 0.23420272568093384 0.39599609375 0.2317328028534371 0.39599609375 0.2310065778210117 0.39264596728515627 0.2259214857328145 0.38822937353515624 0.22540390920881972 0.38459217822265623 0.22850937354085601 0.38680047509765625 0.2340302010376135 0.38680047509765625 0.24319066147859922 0.38774333544921874 0.24319066147859922 0.3947243642578125 0.24075870817120623 0.39355526611328123 0.23420272568093384
7 0.418393416015625 0.21911157457846953 0.42041015625 0.2184738307392996 0.42041015625 0.21628725291828796 0.4194326147460937 0.21359074837872893 0.41540572021484373 0.21359074837872893 0.41293762353515623 0.21721379053177692 0.41358712255859376 0.22514997859922178 0.4145713564453125 0.23086900129701687 0.4149592827148437 0.23086900129701687 0.4169645180664063 0.22894554734111544 0.418393416015625 0.21911157457846953
7 0.4366854267578125 0.2176708702983139 0.43798828125 0.21716193514915694 0.43798828125 0.21223851750972764 0.4375947255859375 0.21025225940337222 0.43564622802734376 0.2090445784695201 0.42915123681640627 0.21128741374837873 0.43049107568359374 0.22762645914396887 0.434283275390625 0.22762645914396887 0.43798828125 0.22300390337224385 0.43798828125 0.222390088845655 0.4366854267578125 0.2176708702983139
7 0.44962157080078125 0.2296357587548638 0.451171875 0.2283120972762646 0.451171875 0.22764117250324256 0.4481926728515625 0.22273472503242545 0.44039868359375 0.22359735408560313 0.4348129916992188 0.2289456549935149 0.43741098828125 0.23101596498054472 0.4394412626953125 0.23994811932555124 0.4490840107421875 0.23994811932555124 0.44806277294921876 0.22791050064850843 0.44962157080078125 0.2296357587548638
9 0.47195621728515624 0.22320291699092087 0.4736328125 0.2212545 0.4736328125 0.21894403242542151 0.4726057158203125 0.2142315739299611 0.46753962353515627 0.2142315739299611 0.46455192724609373 0.21474915110246434 0.459615734375 0.2235479688715953 0.463512728515625 0.2247556504539559 0.46472566064453125 0.23216601815823606 0.4731242412109375 0.23216601815823606 0.47195621728515624 0.22320291699092087
9 0.48388671875 0.2374306549935149 0.48388671875 0.23307979831387807 0.4835365927734375 0.2313747308690013 0.47968789892578123 0.23022049286640725 0.479157609375 0.23022049286640725 0.474963205078125 0.23085715369649806 0.473534306640625 0.23862081582360573 0.47548280419921873 0.23948344552529183 0.47637618896484374 0.24643320363164722 0.477945658203125 0.24643320363164722 0.48288709375 0.24603942671854734 0.48197779541015623 0.23827576459143968 0.48388671875 0.2374306549935149
9 0.5005095512695312 0.24365369779507134 0.5008992509765625 0.2615963839169909 0.5065369165039062 0.26459143968871596 0.5069456430664062 0.26459143968871596 0.5105118374023437 0.26263153891050584 0.5081736411132812 0.2503822049286641 0.51220053515625 0.24917452399481194 0.511291236328125 0.24003065564202336 0.5075241416015625 0.2381328709468223 0.504276646484375 0.23744276783398185 0.50193844921875 0.23675266472114137 0.5005095512695312 0.24365369779507134
7 0.5784562387695312 0.24312407717250326 0.58203125 0.24279661932555122 0.58203125 0.2418095869001297 0.579625337890625 0.22966706225680936 0.574169544921875 0.22725170038910505 0.5700127504882813 0.23139232036316473 0.5707921499023437 0.242951551232166 0.5713117485351562 0.2548558339818418 0.5753239106445313 0.25616083009079116 0.58116848828125 0.25616083009079116 0.5784562387695312 0.24312407717250326
9 0.6095336708984375 0.26765308560311285 0.6123046875 0.26489285084306097 0.6123046875 0.2598467321660181 0.6117419677734375 0.2571290097276265 0.6084944721679687 0.25540375162127105 0.602129380859375 0.25833669066147863 0.5987519853515625 0.268860766536965 0.5984921860351563 0.2730013865110246 0.6060596342773438 0.27626459143968873 0.6086074052734375 0.27626459143968873 0.6095336708984375 0.26765308560311285
9 0.6105259907226562 0.24254215304798962 0.6126433706054687 0.24254215304798962 0.6118022900390625 0.23779457198443582 0.61572265625 0.23645087808041507 0.61572265625 0.23609923994811932 0.6129713881835938 0.22796059987029832 0.6090743935546875 0.22589028923476007 0.6059567983398437 0.22485513488975356 0.60115050390625 0.22865070298313878 0.5982927084960937 0.23365395201037614 0.6010206044921875 0.23434405512321663 0.604268099609375 0.2395198300907912 0.6105259907226562 0.24254215304798962
8 0.6305643803710937 0.26523994811932555 0.6322234907226563 0.26523994811932555 0.6318598676757813 0.2501076945525292 0.63330078125 0.24819395201037614 0.63330078125 0.2461874747081712 0.6327691665039062 0.24406929053177692 0.6280927729492187 0.24631212581063552 0.6240658779296875 0.24941759143968872 0.62120808203125 0.2457945486381323 0.6197791840820313 0.2483824364461738 0.621337982421875 0.2601141926070039 0.6279628725585937 0.2635647094682231 0.6305643803710937 0.26523994811932555
9 0.6484596254882813 0.24643320363164722 0.6565040170898437 0.24643320363164722 0.6561697001953125 0.23844082944228276 0.6572265625 0.2364756964980545 0.6572265625 0.23300198184176396 0.6561697001953125 0.23084969325551233 0.6535717036132812 0.23015959014267187 0.6482458110351562 0.22981453826199738 0.6448684155273438 0.23188484889753566 0.6461674140625 0.23568041634241244 0.6473365122070313 0.23619799416342413 0.6481159111328125 0.24637701880674448 0.6484596254882813 0.24643320363164722
2 0.8580775747070313 0.3704888884565499 0.8637931669921876 0.38325579961089495 0.8684700185546875 0.4046692607003891 0.869411416015625 0.4046692607003891 0.8783419467773438 0.3891216783398184 0.8874349340820312 0.37100646498054474 0.8935546875 0.3544255058365759 0.8935546875 0.35217373929961093 0.8909422294921875 0.3435748586251621 0.8847070380859375 0.33960676394293127 0.878212046875 0.34288475486381326 0.8744449521484375 0.3415045486381323 0.8705479575195313 0.3363287736705577 0.8671705620117187 0.33581119584954605 0.8628838681640625 0.3540989332036316 0.8580775747070313 0.3704888884565499
2 0.83456153125 0.4141037607003891 0.8381533295898438 0.4156939040207523 0.8418985390625 0.4156939040207523 0.8517083071289062 0.3971962295719844 0.85595703125 0.37603526848249025 0.85595703125 0.36950318482490274 0.8553455029296875 0.363208640077821 0.8432648188476563 0.3445758501945525 0.8413163217773437 0.34336816926070035 0.8320934345703125 0.3549274001297017 0.8332625327148437 0.37287008690012974 0.833652232421875 0.4008192717250324 0.8313140356445312 0.409273037613489 0.83456153125 0.4141037607003891
2 0.800168990234375 0.38746352918287935 0.7993895913085938 0.40161064721141376 0.810431076171875 0.40782157782101164 0.823069474609375 0.4092088197146563 0.8266729301757813 0.4092088197146563 0.8306954482421876 0.40661389623865113 0.83251953125 0.3999159896238651 0.83251953125 0.3872058638132296 0.8319944462890625 0.37176367833981844 0.8303057490234375 0.35640887872892346 0.8212127612304687 0.348472691309987 0.8106908759765625 0.34709248443579765 0.8057546826171875 0.348472691309987 0.797960693359375 0.3529583618677043 0.7905564033203125 0.3790097632944228 0.800168990234375 0.38746352918287935
2 0.7228638974609375 0.32551213748378727 0.7183174033203125 0.3120551225680934 0.709614115234375 0.2937673839169909 0.6961045336914062 0.30791450259403375 0.6809062553710937 0.3368988424124514 0.6736318647460937 0.37295674124513617 0.6858424477539062 0.38382586900129706 0.6841537504882812 0.3912444792477302 0.6916879399414062 0.4107398994811932 0.700748634765625 0.41374837872892345 0.7069591376953125 0.41374837872892345 0.7280598896484375 0.4052190719844358 0.7315671850585937 0.3960752029831388 0.7341651821289062 0.3601898294422828 0.7372827778320312 0.3277549727626459 0.7346847807617187 0.3151605875486381 0.730138287109375 0.3225791977950713 0.7271505913085937 0.3336208514915694 0.7228638974609375 0.32551213748378727
9 0.5012381630859375 0.4759278002594034 0.50682385546875 0.48024094617380025 0.5099414506835938 0.4923177542153048 0.5115002490234375 0.50353193385214 0.516165169921875 0.5097276264591439 0.5190590219726563 0.5097276264591439 0.5248799301757813 0.5061198210116732 0.5283203125 0.49562729312581066 0.5283203125 0.4787248501945525 0.5273480268554688 0.47057949935149157 0.52410053125 0.4605730012970169 0.5200736372070313 0.45712248443579767 0.5186447392578125 0.45971037224383915 0.5129291469726562 0.4600554234760052 0.508122853515625 0.46229825940337227 0.5027969604492187 0.47282233527885864 0.5012381630859375 0.4759278002594034
9 0.4809332431640625 0.499386206225681 0.4796342451171875 0.5111179630350194 0.4852199375 0.514050902075227 0.48846743310546875 0.520606883916991 0.49286157568359373 0.5265888456549935 0.5060713779296875 0.5265888456549935 0.50927734375 0.5206276621271076 0.50927734375 0.5158433450064851 0.5073029077148438 0.5069773430609598 0.505744109375 0.4943829571984436 0.500807916015625 0.4854116141374838 0.49470262451171876 0.4843764591439689 0.492754126953125 0.48799950129701686 0.4876880341796875 0.4907599150453956 0.48509003759765623 0.49231264721141377 0.4809332431640625 0.499386206225681
2 0.4739123564453125 0.5662412191958496 0.4767583891601562 0.5713359273670557 0.4777274482421875 0.5713359273670557 0.48365484228515626 0.5695192101167316 0.4806671469726562 0.5638258573281453 0.4849538408203125 0.5564072464332036 0.4832651435546875 0.5448480155642023 0.4832651435546875 0.5417425505836576 0.4882013369140625 0.5431227574578469 0.49066943310546873 0.536566775616083 0.49169921875 0.5318324124513619 0.49169921875 0.528642673151751 0.4845641416015625 0.5269053294422827 0.47728975146484376 0.5229372347600519 0.47079476025390626 0.5234548125810635 0.4615718735351563 0.5310459494163424 0.4627409716796875 0.5445029643320363 0.46975556201171875 0.5482985324254215 0.4727432578125 0.5569248242542153 0.4739123564453125 0.5662412191958496
2 0.46337890625 0.5922590291828793 0.46337890625 0.5823957490272373 0.45855466064453126 0.5794265129701686 0.4555669638671875 0.5802891426718547 0.45037097119140623 0.5851198651102464 0.44751317529296875 0.5940912088197147 0.44836078173828126 0.6011673151750972 0.45157319677734375 0.6011673151750972 0.45686596240234373 0.6003021381322957 0.46337890625 0.5922590291828793
9 0.37602180322265627 0.6795844708171206 0.385114791015625 0.7004600966277561 0.39160978173828126 0.7353103145265888 0.4064183623046875 0.7280642295719845 0.426033234375 0.7213357224383917 0.4360355209960938 0.7127094306095979 0.4365234375 0.7051491556420233 0.4365234375 0.6996936225680934 0.4307096284179687 0.68096467769131 0.42330533837890627 0.6497375019455253 0.4142123510742188 0.6285168242542153 0.4064183623046875 0.6292069273670557 0.4004429697265625 0.6404211070038911 0.39199948193359374 0.6524979150453956 0.3799187978515625 0.6618143099870298 0.37602180322265627 0.6795844708171206
8 0.2629880185546875 0.7208022613488976 0.2531156318359375 0.7468536621271077 0.24727014013671875 0.7811863028534372 0.257792025390625 0.8013718249027237 0.26677119482421874 0.811284046692607 0.2694159716796875 0.811284046692607 0.27844609716796875 0.8049948677042801 0.28377198974609374 0.7970586796368353 0.292605177734375 0.8086179098573282 0.30819315625 0.8084453845654994 0.3095703125 0.8069592704280155 0.3095703125 0.8036154662775615 0.30676425830078125 0.7932631108949416 0.3009187661132813 0.7911928002594033 0.2967619716796875 0.7635886679636835 0.2923453779296875 0.7492690239948119 0.28909788232421874 0.7425405162127108 0.28091419384765626 0.7344318022049287 0.2671448125 0.723390149156939 0.2629880185546875 0.7208022613488976