1 0.094470669921875 0.38179714591439684 0.0979196318359375 0.380092691309987 0.1001199267578125 0.38845654993514916 0.1006861513671875 0.38845654993514916 0.10595703125 0.3827366335927367 0.10595703125 0.3723111173800259 0.10586026513671876 0.37125083138780807 0.1036144287109375 0.3602784040207523 0.10112796875 0.36102410311284044 0.10024567529296875 0.3650721828793775 0.096636296875 0.3636873138780804 0.09503212841796875 0.36496565499351497 0.0935883779296875 0.3754054403372244 0.094470669921875 0.38179714591439684
9 0.106113015625 0.43498970946822313 0.1092411435546875 0.4334983119325551 0.1100432275390625 0.4456425518806745 0.11108619482421875 0.45330739299610895 0.1126763779296875 0.45330739299610895 0.11669921875 0.44999628988326845 0.11669921875 0.44900621530479895 0.11172760400390624 0.43275261284046695 0.10867968408203126 0.42018225875486387 0.10603280712890625 0.41624070687418935 0.101942177734375 0.4169864059662775 0.10081926025390625 0.42337811089494165 0.10274426171875 0.4372268060959793 0.10795780908203124 0.4506493884565499 0.106113015625 0.43498970946822313
7 0.12314607666015626 0.4373756887159533 0.12622409814453125 0.44293125810635536 0.12645852587890624 0.44293125810635536 0.13886692578125 0.43684304604409857 0.1379044248046875 0.4289599435797665 0.139669009765625 0.4237400505836576 0.140625 0.4211429500648508 0.140625 0.4142030745784695 0.14047109375 0.41330026523994806 0.13453567138671876 0.4099978839169909 0.12892108203125 0.4099978839169909 0.124349203125 0.4120219241245136 0.11913565576171875 0.41766793060959795 0.11576690283203125 0.4294925856031128 0.11520544384765626 0.4342863638132296 0.12314607666015626 0.4373756887159533
9 0.12088051171875 0.3557261692607004 0.1213447490234375 0.36057068741893644 0.12562321826171874 0.36057068741893644 0.12890625 0.35977408625162133 0.12890625 0.3562492632944228 0.128259685546875 0.35380865823605706 0.12681593408203126 0.3492279357976653 0.12882114501953126 0.34848223735408557 0.12801906005859376 0.34219706031128405 0.1248107236328125 0.33889467898832687 0.12336697265625 0.3405991335927367 0.12047946923828125 0.34688430998702985 0.12088051171875 0.3557261692607004
7 0.1607808505859375 0.33657587548638135 0.1630859375 0.33531526134889755 0.1630859375 0.33092472957198443 0.1625966376953125 0.3257258391699092 0.15978934326171876 0.32135817380025944 0.15762371630859376 0.32071900324254216 0.1560195478515625 0.3227430434500649 0.15497683837890625 0.3291347490272373 0.15650079833984376 0.3361656251621271 0.1575117099609375 0.33657587548638135 0.1607808505859375 0.33657587548638135
9 0.16989725439453124 0.3282295894941634 0.16918353515625 0.3326848249027237 0.17003204736328126 0.3326848249027237 0.1767578125 0.32872492671854736 0.1767578125 0.32777082101167315 0.175191009765625 0.3159788210116732 0.173346216796875 0.31267643968871595 0.17318579931640626 0.31672451945525293 0.170538921875 0.31810938910505837 0.1684535029296875 0.31395478080415046 0.16636808447265625 0.3189616167315175 0.16644829296875 0.3282295894941634 0.16989725439453124 0.3282295894941634
9 0.18395934033203126 0.2988116854734112 0.18227496435546875 0.3039250499351491 0.18263030224609375 0.30609597924773024 0.183124888671875 0.30609597924773024 0.18798828125 0.30307074124513617 0.18798828125 0.2963358813229572 0.18668642626953125 0.28858495654993516 0.182676005859375 0.27984962581063555 0.181071837890625 0.28219325097276265 0.1803499619140625 0.2907155252918288 0.1809114208984375 0.30307282230869004 0.18195413037109376 0.29369832101167315 0.1841197578125 0.2932722075226978 0.18395934033203126 0.2988116854734112
7 0.15075319873046875 0.2930109850843061 0.15428236865234374 0.30132020168612195 0.1549240361328125 0.2987635194552529 0.1527584091796875 0.29311751297016864 0.15356049267578126 0.29066735927367054 0.15524486962890624 0.2935436271076524 0.15660841259765626 0.30132020168612195 0.1593948203125 0.301556420233463 0.160513046875 0.301556420233463 0.16503029638671876 0.2987635194552529 0.1651105048828125 0.29120000129701684 0.16366675341796874 0.2845952392996109 0.16470946240234374 0.2838495402075227 0.1659125888671875 0.2881106770428016 0.1664740478515625 0.2916261154345007 0.1669921875 0.29030272114137484 0.1669921875 0.28572527885862514 0.1661532138671875 0.2805471588845655 0.162463626953125 0.2783100622568093 0.161100083984375 0.2783100622568093 0.16021779150390625 0.28086674448767834 0.1579719560546875 0.2822516141374838 0.1554854951171875 0.28139938651102464 0.152517783203125 0.2856605233463035 0.15075319873046875 0.2930109850843061
9 0.22519552392578124 0.33787289234760054 0.22702210595703126 0.3374970382619974 0.22654085546875 0.3253527983138781 0.2293481494140625 0.32471362775616086 0.22894710791015624 0.3365382821011673 0.232421875 0.3334281770428016 0.232421875 0.3224472114137484 0.23127315185546876 0.3120367451361868 0.22878669091796874 0.3069233813229572 0.2247762705078125 0.305005869001297 0.2217283505859375 0.30990617639429313 0.22140751708984374 0.3211981893644617 0.2219689755859375 0.33312937289234756 0.2214195087890625 0.33787289234760054 0.22519552392578124 0.33787289234760054
9 0.256372828125 0.35149156939040205 0.26267303271484377 0.35149156939040205 0.2628968740234375 0.3438610168612192 0.26225520654296874 0.3360844416342412 0.2636989580078125 0.33427345914396883 0.26474166748046873 0.3404521076523995 0.26522291796875 0.35014619390402074 0.26708984375 0.3475748112840467 0.26708984375 0.3452364779507134 0.26570416796875 0.33629749870298314 0.26241562353515624 0.3239402016861219 0.25920728662109377 0.32063782036316474 0.25744270166015626 0.32138352010376137 0.2554374912109375 0.3243663158236057 0.25375311474609374 0.32596424254215306 0.2548760322265625 0.33757583981841766 0.256372828125 0.35149156939040205
9 0.272969380859375 0.3131791290531777 0.27353083935546874 0.32234057328145266 0.2755360498046875 0.32851922178988324 0.2771208935546875 0.32879377431906615 0.27945588916015623 0.32879377431906615 0.2813110556640625 0.32585601167315176 0.2799475126953125 0.3173337373540856 0.2822265625 0.3161855998702983 0.2822265625 0.31579878274967577 0.28139126416015625 0.30934410570687415 0.2791454287109375 0.3049764403372244 0.2772204267578125 0.30540255382619974 0.2761777172851563 0.30934410570687415 0.2772204267578125 0.31637498184176394 0.2748943828125 0.31594886770428016 0.27369125634765623 0.3121138443579766 0.272969380859375 0.3131791290531777
9 0.30934956689453125 0.3315684656290532 0.30934956689453125 0.33852140077821014 0.3134509140625 0.33852140077821014 0.31456311328125 0.3245375894941634 0.3168891572265625 0.32432453242542153 0.316247490234375 0.333272920233463 0.315770556640625 0.33852140077821014 0.31729271923828123 0.33852140077821014 0.3188141591796875 0.3376405856031129 0.31884765625 0.33552736121919585 0.31884765625 0.3264977386511025 0.3177714501953125 0.31782629831387804 0.3156058232421875 0.3122868203631647 0.31384123779296874 0.3122868203631647 0.31207665283203123 0.31793282684824903 0.3124776948242188 0.32432453242542153 0.31135477734375 0.32507023151750974 0.30886831591796876 0.3196372814526589 0.30934956689453125 0.3315684656290532
5 0.3701171875 0.220249173151751 0.3691421826171875 0.21681756095979246 0.3671928935546875 0.21660181582360571 0.36619995068359373 0.21660181582360571 0.36344738525390624 0.22182439688715955 0.3640088442382812 0.22949444357976653 0.3684428984375 0.23022049286640725 0.3697735322265625 0.23022049286640725 0.36737759765625 0.22406149351491567 0.3685807236328125 0.22225051037613489 0.3701171875 0.2224016692607004 0.3701171875 0.220249173151751
7 0.392578125 0.23043929961089493 0.392578125 0.22926550259403372 0.39115794091796874 0.22405596757457846 0.3877750673828125 0.2230869001297017 0.386956001953125 0.2230869001297017 0.38427734375 0.2279659597924773 0.38427734375 0.22809778728923477 0.385382935546875 0.23449575291828792 0.38478010693359377 0.23929961089494164 0.38663145556640627 0.23929961089494164 0.39059648193359375 0.23865036121919583 0.3909173154296875 0.23172601361867703 0.392578125 0.23043929961089493
9 0.396484375 0.22517872697795072 0.396484375 0.22470537029831386 0.393881708984375 0.21616524059662776 0.396484375 0.21501300129701686 0.396484375 0.21485574189364462 0.39420254248046876 0.20774949481193256 0.3912426616210937 0.20752269779507135 0.3892282817382812 0.20752269779507135 0.38818691162109376 0.2076429662775616 0.3874650361328125 0.212862859922179 0.38834732861328125 0.2160587120622568 0.39035253857421875 0.22053290596627756 0.392518166015625 0.22298305966277562 0.39389248779296876 0.22632944228274968 0.3942850322265625 0.22632944228274968 0.396484375 0.22517872697795072
7 0.4189453125 0.2291466083009079 0.4189453125 0.22730180025940336 0.41825183251953124 0.22068703891050584 0.41825183251953124 0.21834341439688715 0.4189453125 0.217129313229572 0.4189453125 0.214109084306096 0.4167278725585937 0.21173865175097276 0.41327891064453126 0.2128039364461738 0.4114341171875 0.2138692204928664 0.4103111997070312 0.21962175551232166 0.41095286669921877 0.22473511932555124 0.4108745893554687 0.23086900129701687 0.41152450537109375 0.23086900129701687 0.4189453125 0.2291466083009079
7 0.4354318950195312 0.22320999027237354 0.434389185546875 0.21575300064850841 0.43603515625 0.21451421725032424 0.43603515625 0.2098024643320363 0.43366731005859377 0.2079764260700389 0.42989751416015626 0.20723072697795072 0.4269298032226562 0.20861559662775617 0.42596730224609375 0.21000046562905317 0.4276516787109375 0.21926843904020754 0.4288470014648437 0.2243839169909209 0.43210680712890626 0.2243839169909209 0.4354318950195312 0.22320999027237354
7 0.44918259375 0.24124513618677043 0.45153649755859376 0.24043987029831387 0.4511354555664063 0.23649831841763944 0.449050037109375 0.23213065304798963 0.4521484375 0.23099899351491568 0.4521484375 0.2305825804150454 0.45017295458984374 0.22382143579766536 0.44704482666015627 0.2215843391699092 0.4436760732421875 0.22275615110246433 0.4404677368164063 0.2257389474708171 0.44215211328125 0.23276982360570686 0.4411896123046875 0.2395876420233463 0.44433451220703124 0.24124513618677043 0.44918259375 0.24124513618677043
7 0.455078125 0.20793985473411156 0.455078125 0.20401922632944228 0.4546422421875 0.2021377516212711 0.45031098828125 0.20203122308690014 0.44798494384765625 0.20416179118028532 0.44870681982421873 0.20852945654993513 0.448912138671875 0.2127107652399481 0.45419504443359376 0.2127107652399481 0.45351932470703127 0.2084229280155642 0.455078125 0.20793985473411156
9 0.44775390625 0.2042853391699092 0.44742190625 0.2015955804150454 0.44597815478515623 0.1974409721141375 0.44775390625 0.19651443514915695 0.44775390625 0.19303393968871596 0.4473416982421875 0.19019703891050585 0.44397294482421873 0.18998398184176396 0.44052398291015626 0.192434135538262 0.44028335791015627 0.1941385907911803 0.44244898486328127 0.19967806874189362 0.4427331953125 0.20817120622568094 0.44775390625 0.20817120622568094 0.44775390625 0.2042853391699092
9 0.47607421875 0.22032087224383917 0.47607421875 0.2196942477302205 0.47412294091796875 0.2133592736705577 0.4729425458984375 0.2133592736705577 0.4683699501953125 0.21412909987029832 0.46630859375 0.21602448573281452 0.46630859375 0.21616046303501946 0.4675678662109375 0.22211873151750974 0.4675678662109375 0.22957198443579765 0.4751593720703125 0.22957198443579765 0.4741449560546875 0.22179914591439687 0.47607421875 0.22032087224383917
3 0.4895464765625 0.22762645914396887 0.49072265625 0.2264288203631647 0.49072265625 0.21896956809338522 0.4900366826171875 0.21409533138780804 0.48803147216796877 0.21089947859922178 0.48538459521484373 0.21207129053177692 0.48217625830078126 0.21409533138780804 0.48257730078125 0.21974133787289235 0.4862668876953125 0.224428588845655 0.48896651025390625 0.22762645914396887 0.4895464765625 0.22762645914396887
9 0.4869334853515625 0.2369543878080415 0.48876953125 0.23553190856031128 0.48876953125 0.23126714461738004 0.4884574453125 0.23024309662775616 0.4849089404296875 0.22892347600518806 0.4843564892578125 0.22892347600518806 0.48163973046875 0.2340781206225681 0.479714728515625 0.24174816601815824 0.480472423828125 0.24708171206225682 0.48369283642578126 0.24708171206225682 0.48876953125 0.24658226199740596 0.48876953125 0.2450724429312581 0.48757515283203123 0.24078941115434502 0.4869334853515625 0.2369543878080415
9 0.5060343168945313 0.2584708670557717 0.5043499399414062 0.24185243385214006 0.5078125 0.23808979377431905 0.5078125 0.23336265953307392 0.503628064453125 0.23428891439688715 0.49681034912109373 0.23588684111543448 0.4942436796875 0.23993492088197146 0.49432388818359374 0.2485637230869001 0.4955270146484375 0.24920289494163425 0.49623908984375 0.2587548638132296 0.5041862192382812 0.2587548638132296 0.5060343168945313 0.2584708670557717
9 0.5154238681640625 0.23942551361867703 0.5140603251953125 0.23260769455252917 0.51611328125 0.23084858300907912 0.51611328125 0.22794379312581065 0.51534366015625 0.22344625032425422 0.51173428125 0.22238096562905318 0.5079644858398438 0.22248749416342412 0.5075634438476563 0.22834655771725032 0.5089269868164062 0.2387863430609598 0.5123345288085938 0.24059662775616084 0.514982984375 0.24059662775616084 0.5154238681640625 0.23942551361867703
7 0.5733781787109375 0.2490272373540856 0.5762898505859375 0.2490272373540856 0.5784235283203125 0.24841601815823605 0.57697977734375 0.23936110246433207 0.5791015625 0.2386195129701686 0.5791015625 0.23431048378728922 0.5780224868164062 0.22966701556420235 0.5726485229492188 0.226577691309987 0.56903914453125 0.22615157782101167 0.5655099736328125 0.22284919649805449 0.5648683071289062 0.22742991828793774 0.5666328920898438 0.23350203891050583 0.5667131005859375 0.24511363683527887 0.5733781787109375 0.2490272373540856
9 0.59619140625 0.2275028540856031 0.5982470346679688 0.23128309338521402 0.5976053671875 0.2381009130998703 0.605626208984375 0.23916619714656293 0.607165970703125 0.23994811932555124 0.6083225166015624 0.23994811932555124 0.6080324609375 0.23426588910505836 0.61083984375 0.23279406874189365 0.61083984375 0.23127599481193256 0.609957462890625 0.226169728923476 0.6040220405273438 0.2231869325551232 0.6034605815429688 0.22734154150453956 0.5992095356445313 0.227554597924773 0.5996105776367188 0.22542403047989623 0.59848766015625 0.22286734824902724 0.59619140625 0.22381382490272375 0.59619140625 0.2275028540856031
9 0.604772826171875 0.27561608300907914 0.6043118813476562 0.26561678923476006 0.6064453125 0.2621761037613489 0.6064453125 0.26158012645914397 0.6051139658203125 0.25666840142671854 0.601745212890625 0.25560311738002595 0.6007827114257812 0.2640188625162127 0.5948472885742188 0.2691322269779507 0.59375 0.272151042153048 0.59375 0.27223043125810636 0.603521771484375 0.27561608300907914 0.604772826171875 0.27561608300907914
8 0.621919775390625 0.2577796588845655 0.6256895703125 0.26172121076523996 0.6286890727539063 0.26394293125810636 0.631961759765625 0.26394293125810636 0.6320260346679687 0.26044286964980545 0.6296999912109374 0.256501317769131 0.63232421875 0.25571711284046694 0.63232421875 0.25192224643320366 0.6317052016601562 0.24808557198443582 0.6288176987304688 0.24510277626459145 0.6258499873046875 0.24520930479896239 0.6232833178710937 0.24595500389105057 0.6199947734375 0.24041552594033722 0.6189520639648437 0.24275915110246432 0.6211978994140624 0.24787251556420234 0.621919775390625 0.2577796588845655
9 0.6500152353515625 0.24643320363164722 0.6496550639648437 0.2429252308690013 0.6490133969726563 0.23813145265888455 0.65185546875 0.23735715758754863 0.65185546875 0.2365345719844358 0.650136314453125 0.2320593326848249 0.6470081865234375 0.2307809915693904 0.6454842270507812 0.2307809915693904 0.64363943359375 0.23589435538262 0.643238390625 0.23823798119325554 0.6409123471679687 0.23781186705577173 0.6402790537109375 0.24643320363164722 0.6500152353515625 0.24643320363164722
9 0.503717349609375 0.475772378080415 0.5068454780273437 0.48546646433203633 0.5102142314453125 0.5085831329442283 0.515068978515625 0.5090791180285343 0.519063095703125 0.5090791180285343 0.5268975810546875 0.5035762970168612 0.52978515625 0.4945029656290532 0.52978515625 0.48981952918287935 0.5285017495117188 0.4788617023346304 0.526817373046875 0.46575870622568094 0.5242507036132813 0.45819518806744486 0.5189569482421875 0.4584082444876783 0.5129413173828125 0.4625628534370947 0.5069256860351562 0.4649064785992218 0.5025142236328125 0.4687415019455253 0.503717349609375 0.475772378080415
9 0.4892718930664062 0.4760106141374838 0.482454177734375 0.4824023197146563 0.47924584130859377 0.499659924773022 0.4818125107421875 0.5017904935149157 0.48550209765625 0.499659924773022 0.4878281416015625 0.5069038573281452 0.484700013671875 0.5119106932555123 0.484700013671875 0.516597944228275 0.48798855859375 0.5219243657587549 0.49296147998046874 0.5204329675745785 0.49828864208984375 0.5233463035019456 0.5022260234375 0.5233463035019456 0.5061156596679688 0.516491415693904 0.5087625375976562 0.5071169143968872 0.5075594111328126 0.49614448638132297 0.505794826171875 0.48783526977950714 0.5031479487304688 0.4775020123216602 0.5010625297851562 0.4703646076523995 0.4936031474609375 0.47185600583657583 0.4892718930664062 0.4760106141374838
2 0.490234375 0.555614924773022 0.48959465234375 0.5538261997405967 0.489506322265625 0.5538261997405967 0.48405405419921876 0.5549806264591439 0.4805248837890625 0.5579634228274968 0.477396755859375 0.5686162652399481 0.4786219624023437 0.5752269779507133 0.48391360888671875 0.5752269779507133 0.48814468310546877 0.5678705661478599 0.490234375 0.5609695356679637 0.490234375 0.555614924773022
2 0.4626142631835938 0.5821540466926071 0.460127802734375 0.57810596692607 0.4566136416015625 0.5771725032425421 0.4564818603515625 0.5771725032425421 0.452668419921875 0.5798104215304799 0.4503423759765625 0.5883326952010376 0.4503423759765625 0.5973876115434501 0.45154156494140624 0.6024643320363164 0.45202803369140626 0.6024643320363164 0.462890625 0.592846266536965 0.462890625 0.5872927269779507 0.4626142631835938 0.5821540466926071
8 0.27982023095703124 0.7176225784695202 0.26999086865234373 0.7287191763942932 0.2658133896484375 0.7447113313878081 0.2675335283203125 0.7603771167315175 0.278591560546875 0.7628248955901427 0.27674855517578123 0.7721264559014267 0.27711715625 0.7892609085603113 0.28534366455078125 0.7983138780804151 0.30514690234375 0.7983138780804151 0.308816849609375 0.798236097924773 0.3260182333984375 0.7902400201037614 0.3288441752929688 0.7830598683527886 0.33253018603515627 0.7868131297016862 0.3426052822265625 0.7850180914396887 0.34521484375 0.7685872697795071 0.34521484375 0.7623844306095979 0.34162234619140625 0.7535233359273671 0.3304414467773438 0.7430794792477302 0.3261411005859375 0.7380207360570687 0.31446873291015626 0.7378575505836575 0.301444828125 0.7378575505836575 0.29935608837890626 0.7218653942931258 0.29210693359375 0.7190912451361868 0.27982023095703124 0.7176225784695202
9 0.28371965576171876 0.6165266692607004 0.27843637353515627 0.6219117827496757 0.26860701123046876 0.6214222269779507 0.26160359033203123 0.6206063002594033 0.25509163818359376 0.6380671238651102 0.25349436669921876 0.646063201686122 0.254600169921875 0.670540990920882 0.2638151967773438 0.6731519546044098 0.2668868725585937 0.6716832872892348 0.26836127685546873 0.6765788456549935 0.27541921142578124 0.6828793774319066 0.2811216162109375 0.6828793774319066 0.3066957900390625 0.6809848476005188 0.30908203125 0.6756108592736705 0.30908203125 0.6732100726329443 0.30153537451171875 0.6490005363164721 0.29404048583984377 0.6444313488975356 0.3001838374023437 0.6310501575875487 0.3050985185546875 0.623543635538262 0.2974807626953125 0.6090201472114137 0.28949440576171875 0.6013504396887159 0.284702591796875 0.6013504396887159 0.28371965576171876 0.6165266692607004
9 0.38394538232421876 0.6346182671854734 0.3854197866210938 0.6460412360570688 0.38062797265625 0.6626861322957198 0.3736245517578125 0.6649707256809338 0.36244365234375 0.6742722859922179 0.3567917690429688 0.6972814072632945 0.35236855615234375 0.7171900097276265 0.3656381953125 0.7266547555123217 0.3703071420898438 0.721759197146563 0.37202728076171876 0.7251860881971466 0.3909091000976562 0.7431906614785992 0.3917113154296875 0.7431906614785992 0.4054471123046875 0.7359563151750973 0.4098703251953125 0.7178427509727627 0.41357421875 0.7077308398184176 0.41357421875 0.695258069390402 0.4130648681640625 0.687816662775616 0.406061447265625 0.6666025791180286 0.40483277734375 0.6626861322957198 0.40974745849609373 0.6543636841763943 0.40950172412109376 0.6447357535667964 0.40139250048828123 0.6365764902723735 0.387999994140625 0.6324968592736706 0.38394538232421876 0.6346182671854734
2 0.7684127856445313 0.3866113073929961 0.7593206254882813 0.41255776394293125 0.7650604365234375 0.41893644617380027 0.7739717602539062 0.41893644617380027 0.7803308872070313 0.41174183787289237 0.7877029091796875 0.41174183787289237 0.7924947231445313 0.40439850064850846 0.8022012182617188 0.3923227911802853 0.8044128251953125 0.38693767769131 0.8083445698242188 0.3880799747081712 0.81787109375 0.3832376186770428 0.81787109375 0.3818509876783398 0.8130135170898437 0.3684977431906615 0.8073616337890624 0.36033847989623863 0.8010954150390625 0.35168966083009084 0.7953206650390625 0.34973143774319065 0.7939691274414062 0.35120010505836574 0.7848769672851562 0.35495336640726327 0.7773820786132812 0.3662131491569391 0.7684127856445313 0.3866113073929961
2 0.741297126953125 0.38743223086900125 0.74462890625 0.3740268197146563 0.74462890625 0.3689794468223087 0.7420343286132812 0.36393355317769127 0.7401108276367188 0.36121919584954604 0.7400076196289063 0.36121919584954604 0.7339251044921875 0.3671972587548638 0.7283960883789062 0.3781306712062257 0.7302390942382813 0.3856371932555123 0.7299933603515625 0.39183823346303503 0.7348908603515625 0.3981841763942931 0.735114990234375 0.3981841763942931 0.737979716796875 0.3920014182879377 0.741297126953125 0.38743223086900125
2 0.8898516665039062 0.3367546913099871 0.8980837583007812 0.34344528728923474 0.8958721508789063 0.34817765953307395 0.8971008217773437 0.35486825486381324 0.9012783002929687 0.36009018352788585 0.9079338901367188 0.3728923476005188 0.9090545825195312 0.3728923476005188 0.9130859375 0.3672769403372244 0.9130859375 0.3450581556420233 0.9108619287109375 0.3281058722438392 0.9045957099609375 0.31472468093385214 0.899803896484375 0.31374556939040205 0.8819881767578125 0.31292964267185475 0.87670489453125 0.32174164721141374 0.8822339111328125 0.32875861348897534 0.8864113901367188 0.33349098573281455 0.8898516665039062 0.3367546913099871
9 0.8360906811523438 0.3387853787289235 0.836705015625 0.3350321173800259 0.8402681596679688 0.34335456549935145 0.8408824951171875 0.34841330869001297 0.8284729248046875 0.36114175940337223 0.8311548286132813 0.3664072632944228 0.8317247158203125 0.3664072632944228 0.8401452924804688 0.3608153891050584 0.8486231176757812 0.3588571653696498 0.8525548623046875 0.3564093865110246 0.8569780756835937 0.3580412392996109 0.8662109375 0.3651158054474708 0.8662109375 0.3649484435797665 0.860786953125 0.35820442477302206 0.8622613579101562 0.34890286446173796 0.8606640859375 0.3396013047989624 0.8585753466796875 0.33699034046692605 0.856240873046875 0.34319138067444876 0.8525548623046875 0.33633759922178985 0.8536606655273438 0.3301365596627756 0.8580838784179687 0.3260569280155642 0.8636128950195312 0.3227932224383917 0.862384224609375 0.3144707743190661 0.8571307377929688 0.3125810635538262 0.8559881728515625 0.3125810635538262 0.8466572446289062 0.3169185531776913 0.8414968295898437 0.3164289974059663 0.8330190053710937 0.31871359143968875 0.8284729248046875 0.32573055771725035 0.8255241162109375 0.3298101887159533 0.82748998828125 0.3427018249027238 0.8330190053710937 0.34351775097276266 0.8360906811523438 0.3387853787289235