2 0.7913174731445313 0.287990748046875 0.7941335498046875 0.29550028515625 0.7944151572265625 0.31089483658854167 0.8000473100585938 0.3191553274739583 0.8113116157226562 0.32478747981770834 0.8186334145507812 0.32328557291666665 0.823420744140625 0.31540055859375 0.8318689736328125 0.31690246614583334 0.8369379111328125 0.31352317447916667 0.8366563037109375 0.3015079153645833 0.8366563037109375 0.28723979427083335 0.8327137963867187 0.2767264427083333 0.825391998046875 0.26921690559895833 0.8194782373046875 0.26471118294270835 0.81046679296875 0.25945450716145835 0.8008921328125 0.259829984375 0.7946967646484375 0.26358475260416664 0.790472650390625 0.27635096549479166 0.7913174731445313 0.287990748046875
2 0.8487654321289062 0.2793547805989583 0.8560872309570312 0.27973025716145833 0.8560872309570312 0.29550028515625 0.8560872309570312 0.307515544921875 0.8546791923828125 0.31877985026041666 0.855524015625 0.3289177252604167 0.8645354599609375 0.337553693359375 0.8752365502929688 0.3383046471354167 0.8822767416992188 0.343185845703125 0.888472109375 0.33379892447916665 0.888472109375 0.307515544921875 0.8921330087890625 0.30225886848958333 0.8997364150390625 0.29137003971354164 0.9025524916992187 0.290243609375 0.900862845703125 0.27635096549479166 0.893259439453125 0.257952599609375 0.8848112104492187 0.252320447265625 0.8749549428710938 0.26095641471354164 0.867914751953125 0.24969210872395833 0.8662251059570313 0.24631281705729166 0.852989546875 0.247814724609375 0.8470757861328125 0.2587035533854167 0.843133279296875 0.2707188131510417 0.8487654321289062 0.2793547805989583
8 0.24773408984375 0.7371906334635416 0.25479807861328124 0.7516808671874999 0.26648082958984376 0.755665681640625 0.271371283203125 0.7658088450520834 0.273544818359375 0.7846461484375 0.28903125537109375 0.8071060104166666 0.29446509326171877 0.7937025442708333 0.2882161796875 0.7614617747395833 0.30234415771484374 0.7408131920572917 0.30614784375 0.7281342376302083 0.30478938427734376 0.7038630963541667 0.2966386279296875 0.6911841419270833 0.28223895849609376 0.6977047467447917 0.27599004541015626 0.6984292584635416 0.264578986328125 0.708934677734375 0.2572433056640625 0.719077841796875 0.2507227001953125 0.7299455169270833 0.24773408984375 0.7371906334635416
9 0.20716651611328124 0.34477566992187497 0.21093044287109375 0.349543310546875 0.21676452880859376 0.34828866796875 0.219775669921875 0.343270099609375 0.21657633251953126 0.33398574739583337 0.2188346884765625 0.33022182096354163 0.21939927734375 0.32495232356770837 0.2184582958984375 0.319682826171875 0.21601174365234374 0.3164207565104167 0.20810749755859376 0.3164207565104167 0.204155375 0.32118839713541664 0.20321439306640626 0.32871625 0.20641373095703125 0.33549131770833335 0.20716651611328124 0.34477566992187497
9 0.19211081005859376 0.34251731380208333 0.1941809697265625 0.3475358828125 0.1945573623046875 0.35305630859375 0.1956865400390625 0.3590785904947917 0.19850948486328124 0.36008230468749997 0.204531767578125 0.35732209179687496 0.20791930126953126 0.35406002213541665 0.2047199638671875 0.3460303118489583 0.2043435712890625 0.33825153059895835 0.2054727490234375 0.33674596028645837 0.2050963564453125 0.33373481901041663 0.19907407421875 0.32570510872395836 0.19625112939453124 0.32620696549479167 0.19248720263671876 0.32921810677083335 0.19173441748046874 0.33624410286458334 0.19211081005859376 0.34251731380208333
9 0.09368413134765625 0.5016059420572917 0.10365853662109376 0.5061226536458333 0.10817524853515625 0.5013550136718751 0.1068578740234375 0.495081802734375 0.10441132177734375 0.48579745052083334 0.1017765732421875 0.4752584563802083 0.09820084326171875 0.47049081575520835 0.0912375791015625 0.4664759609375 0.0876618486328125 0.4709926731770833 0.08803824169921876 0.48303723763020834 0.09029659716796876 0.4925725182291667 0.09368413134765625 0.5016059420572917
9 0.08427431494140625 0.44138311783854167 0.08785004541015624 0.45167118359374997 0.09406052392578125 0.45267489713541664 0.09914182470703126 0.44941282747395833 0.10008280615234375 0.44138311783854167 0.097259861328125 0.43435712109375 0.09293134619140625 0.42657833984375 0.09424872021484375 0.4193014153645833 0.09406052392578125 0.41453377473958336 0.0910493828125 0.42457091210937503 0.08427431494140625 0.417544916015625 0.08088678125 0.4235671985677083 0.082015958984375 0.43084412304687497 0.0822041552734375 0.4383719765625 0.08427431494140625 0.44138311783854167
9 0.11306835302734375 0.4591990364583333 0.11438572705078125 0.45116932682291666 0.11250376416015626 0.444143330078125 0.1111863896484375 0.4383719765625 0.10892803369140625 0.43260062239583336 0.10347034033203124 0.4258255546875 0.101588376953125 0.43686640559895834 0.10271755517578125 0.44891097070312497 0.110998193359375 0.4599518216145833 0.11306835302734375 0.4591990364583333
9 0.03873080419921875 0.4777677408854167 0.03967178564453125 0.48830673502604166 0.0430593193359375 0.49332530338541664 0.04983438720703125 0.495081802734375 0.05510388427734375 0.49181973307291665 0.05566847314453125 0.48579745052083334 0.05341011767578125 0.4742547428385417 0.051904546875 0.4659741041666667 0.0524691357421875 0.46070460677083336 0.051904546875 0.4546823248697917 0.04964619091796875 0.4519221119791667 0.04098915966796875 0.45142025520833334 0.03891900048828125 0.456689751953125 0.03873080419921875 0.4687343170572917 0.03873080419921875 0.4777677408854167
9 0.12341915087890624 0.5106393658854167 0.12850045166015625 0.5111412226562501 0.1303824150390625 0.509886580078125 0.1316997890625 0.5043661549479167 0.12962962939453124 0.49232158984375 0.125489310546875 0.48805580664062503 0.1213489912109375 0.48429188020833336 0.116079494140625 0.487303021484375 0.11419753076171875 0.49708923046875 0.1170204755859375 0.5053698684895833 0.12341915087890624 0.5106393658854167
7 0.0712887685546875 0.48579745052083334 0.07429990966796875 0.47651309830729166 0.08389792236328125 0.4795242395833333 0.0810749775390625 0.46798153190104164 0.07317073193359375 0.46120646419270833 0.07222975 0.45443139648437497 0.06921860888671875 0.4539295390625 0.0630081298828125 0.4687343170572917 0.05943239990234375 0.47576031315104167 0.0620671484375 0.48529559375000003 0.0712887685546875 0.48579745052083334
7 0.0626317373046875 0.4541804674479167 0.0673366455078125 0.4464016861979167 0.076934658203125 0.44564890104166666 0.0774992470703125 0.43912476171875 0.07354712451171876 0.428585767578125 0.0707241796875 0.422312556640625 0.0680894306640625 0.42155977083333335 0.066019271484375 0.42155977083333335 0.05980879248046875 0.42532369791666663 0.05943239990234375 0.43787011914062496 0.05980879248046875 0.44815818554687503 0.0626317373046875 0.4541804674479167