1 0.0803040693359375 0.4008120142671855 0.0830189755859375 0.39872445201037615 0.07958962060546874 0.3871479682230869 0.07973251025390625 0.38259328664072634 0.07787494287109376 0.37708971271076525 0.0748742568359375 0.37291458754863815 0.07273091015625 0.3719656952010376 0.07073045263671875 0.3725350304798963 0.06973022412109375 0.3822137295719844 0.0721593505859375 0.3926515428015564 0.075731595703125 0.40214046303501944 0.0803040693359375 0.4008120142671855
9 0.1054526748046875 0.448825953307393 0.10573845458984375 0.43990636835278857 0.10773891162109375 0.4381983625162127 0.1091678095703125 0.447497504539559 0.11073959765625 0.45660686835278863 0.11474051220703126 0.4554681984435798 0.11774119775390625 0.45129307328145263 0.114454732421875 0.4400961465629053 0.1100251484375 0.4309867827496758 0.10588134423828124 0.4199796342412452 0.1024519892578125 0.42054896952010373 0.1000228623046875 0.4199796342412452 0.09945130322265625 0.4304174474708171 0.10145176025390625 0.43876769779507135 0.10402377685546875 0.44559972049286645 0.1054526748046875 0.448825953307393
9 0.10831047119140624 0.4148556173800259 0.10945358935546876 0.41960007782101166 0.109739369140625 0.4296583333333333 0.1133116142578125 0.4309867827496758 0.11231138525390626 0.4228263106355382 0.11031092822265624 0.41466583852140076 0.11131115673828125 0.40764403761348894 0.11131115673828125 0.40043245784695203 0.1125971650390625 0.39644711089494167 0.1071673525390625 0.39322087808041506 0.1054526748046875 0.4019506848249027 0.1078818017578125 0.40859292931258107 0.10831047119140624 0.4148556173800259
9 0.11302583447265625 0.4247240946822308 0.11831275732421875 0.4442712717250324 0.1234567900390625 0.44370193644617384 0.1271719248046875 0.43743924837872894 0.123313900390625 0.42301608884565495 0.120598994140625 0.43174589623865106 0.11831275732421875 0.4277605492866407 0.122313671875 0.4226365324254215 0.12202789208984376 0.4192205207522698 0.11945587548828125 0.4131476115434501 0.11616941015625 0.41200894098573276 0.1154549609375 0.42510365175097276 0.11302583447265625 0.4247240946822308
7 0.13731710107421874 0.43857791893644615 0.14360425244140626 0.4338334584954604 0.14817672607421875 0.43611079961089494 0.15103452197265624 0.43364368028534367 0.1496056240234375 0.4279503281452659 0.14360425244140626 0.4173227367055772 0.13846021923828125 0.4087827081712062 0.1340306357421875 0.40764403761348894 0.1298868310546875 0.40859292931258107 0.12760059423828124 0.4106804922178988 0.12560013720703125 0.41637384435797664 0.1261716962890625 0.42643210051880676 0.1278863740234375 0.43611079961089494 0.1296010517578125 0.4410450382619974 0.13731710107421874 0.43857791893644615
7 0.148462505859375 0.39606755382619974 0.15089163232421876 0.4010017931258107 0.1557498857421875 0.4063155881971466 0.15732167333984376 0.41276805447470816 0.16432327392578125 0.4087827081712062 0.16689529052734375 0.4019506848249027 0.16503772314453125 0.39037420168612186 0.163037265625 0.3799363884565499 0.15989368994140624 0.3780386044098573 0.15560699609375 0.384111513618677 0.15374942822265625 0.3983448949416343 0.14989140380859375 0.39322087808041506 0.148462505859375 0.39606755382619974
9 0.1176697529296875 0.33747346822308694 0.1173482509765625 0.3467251660181582 0.126028806640625 0.3453018274967575 0.1234567900390625 0.3310684468223087 0.123992626953125 0.3296451083009079 0.12152777783203125 0.32494809273670555 0.1197059326171875 0.331210780155642 0.11606224267578125 0.3270830998702983 0.11434756494140624 0.33377278923476006 0.11509773681640625 0.3384698047989624 0.1176697529296875 0.33747346822308694
9 0.2480924208984375 0.3346267918287938 0.24841392333984375 0.3196817418936446 0.2501286005859375 0.3193970739299611 0.2506644375 0.33021444357976654 0.25002143359375 0.3350537931258107 0.25398662548828127 0.33234945071335925 0.2515217763671875 0.31526939364461737 0.2486282578125 0.3071563664072633 0.24584190673828124 0.30473669130998704 0.24326989013671876 0.30886437159533076 0.2416623798828125 0.31014537613488974 0.24380572705078124 0.33548079442282747 0.2480924208984375 0.3346267918287938
9 0.2737054184570312 0.3478638365758755 0.268025548828125 0.32366708819714657 0.2671682099609375 0.3225284176394293 0.26427469140625 0.317831402075227 0.26234567919921875 0.3172620667963683 0.260523833984375 0.322386084306096 0.2626671811523438 0.337758135538262 0.26331018505859377 0.35227618482490275 0.2737054184570312 0.3478638365758755
9 0.2842078188476562 0.32067807846952007 0.28645833349609373 0.3202510765239948 0.28677983544921876 0.3260867632944228 0.2861368310546875 0.3313531141374838 0.28935185205078123 0.32637143060959795 0.2878515087890625 0.31526939364461737 0.2859224965820312 0.3087220382619974 0.28217163916015625 0.30630236316472115 0.28120713330078123 0.31598106225680933 0.2793852880859375 0.32210141634241246 0.2795996225585938 0.33078377885862514 0.2834576474609375 0.33263411867704284 0.284314986328125 0.32637143060959795 0.2842078188476562 0.32067807846952007
9 0.29813957470703123 0.34088947989623863 0.3021047666015625 0.34103181322957193 0.30253343603515626 0.33377278923476006 0.3017832646484375 0.32480575875486384 0.30424811376953126 0.32437875745784694 0.304676783203125 0.33277645201037614 0.30435528125 0.34103181322957193 0.30778463671875 0.33875447211413745 0.3069272978515625 0.3282217704280156 0.30478395068359376 0.317831402075227 0.3031764404296875 0.3138460551232166 0.30156893017578124 0.312565051232166 0.29813957470703123 0.3186854046692607 0.29846107666015625 0.3252327600518807 0.297925240234375 0.33021444357976654 0.29813957470703123 0.34088947989623863
7 0.39201817578125 0.23399678664072632 0.39073216748046874 0.23043844163424124 0.39308984912109374 0.23001144033722437 0.39041066552734377 0.22360641828793776 0.38719564453125 0.2228947496757458 0.38355195458984376 0.22417575356679637 0.38494513037109374 0.23143477821011674 0.38548096728515624 0.23912080415045397 0.39201817578125 0.23997480674448768 0.39201817578125 0.23399678664072632
7 0.440243484375 0.23997480674448768 0.44185099462890626 0.23897847016861218 0.444637345703125 0.23271578274967575 0.44795953369140623 0.23285811608300908 0.44560185205078123 0.2382668009079118 0.4428155004882813 0.2413981452658885 0.44774519873046875 0.24040180804150454 0.4498885458984375 0.24054414202334629 0.44892403955078125 0.23100777691309987 0.4486025375976562 0.22559909208819715 0.4461376884765625 0.22261008171206226 0.4416366596679687 0.2211867438391699 0.4392789780273437 0.22574142542153047 0.4382073046875 0.22986910635538263 0.43960047998046875 0.23058077561608303 0.440243484375 0.23997480674448768
9 0.49447016455078124 0.2600438741893645 0.5007930385742188 0.26331755188067446 0.5062585732421875 0.26146721271076523 0.5045438955078125 0.2519308469520104 0.5037937241210938 0.24979583981841763 0.5074374140625 0.24936883852140077 0.505401234375 0.23969013942931258 0.50272205078125 0.23684346303501946 0.49682784619140624 0.23499312321660182 0.488790294921875 0.2413981452658885 0.4911479765625 0.2460951608300908 0.49329132373046874 0.24467182295719844 0.49447016455078124 0.2600438741893645
7 0.5775248627929688 0.23840913488975357 0.579132373046875 0.23954780544747084 0.581168552734375 0.2379821335927367 0.5789180385742188 0.23100777691309987 0.5745241767578125 0.22801876653696498 0.5717378256835938 0.22631076070038914 0.5676654663085937 0.22702242996108948 0.5664866254882812 0.23356978534370945 0.5677726337890625 0.24808783398184178 0.5792395405273437 0.24951117250324253 0.5775248627929688 0.23840913488975357
9 0.47014317578125 0.4571762036316472 0.46917866943359376 0.4790956108949417 0.46660665283203123 0.4923326556420234 0.47464420458984374 0.5005880168612191 0.48311042529296877 0.5034346926070039 0.48696844970703124 0.4981683417639429 0.48643261328125 0.4924749889753567 0.48257458837890627 0.4872086381322957 0.48139574755859377 0.4775299390402075 0.4900763032226563 0.4771029377431906 0.48954046630859377 0.4584572081712062 0.4835390947265625 0.4466435019455253 0.4783950615234375 0.4375341381322957 0.4733581962890625 0.43668013488975355 0.4655349794921875 0.45290618936446175 0.47014317578125 0.4571762036316472
9 0.4957561728515625 0.4749679306095979 0.498971193359375 0.481799953307393 0.5029363852539063 0.48137295201037616 0.5035793896484375 0.47952261219195846 0.5075445815429688 0.496175668612192 0.505079732421875 0.4956063333333333 0.5060442387695312 0.5035770265888456 0.511188271484375 0.5018690207522698 0.514617626953125 0.5085587101167315 0.51901148828125 0.5099820479896239 0.5257630317382812 0.5058543677042802 0.5301568930664062 0.49162098638132296 0.5299425581054688 0.48848964267185474 0.528227880859375 0.48521596498054476 0.526834705078125 0.47269058949416337 0.5232981826171875 0.45788787289234756 0.5189043208007813 0.45617986705577174 0.5160108022460937 0.4574608715953308 0.5144032919921875 0.4604498813229572 0.50615140625 0.4625848884565499 0.4993998627929688 0.46941691180285344 0.4957561728515625 0.4749679306095979
2 0.420846193359375 0.6275497769130999 0.4356352880859375 0.6163054059662776 0.44763803173828126 0.6066267062256809 0.4475308642578125 0.5955246692607004 0.44656635791015625 0.5825722924773021 0.4411008232421875 0.5831416277561609 0.4431370029296875 0.5918239902723735 0.441958162109375 0.6022143579766537 0.436171125 0.6083347120622569 0.4316700961914062 0.6090463813229572 0.42266803857421875 0.604207031776913 0.4162379970703125 0.594813 0.4101294580078125 0.6027836932555123 0.41452331982421875 0.6137433968871595 0.420203189453125 0.6110390544747082 0.420846193359375 0.6275497769130999
2 0.44945987646484375 0.6043493657587549 0.4626414609375 0.5933896621271076 0.46103395068359376 0.5835686290531777 0.4591049384765625 0.5791562808041505 0.452782064453125 0.5815759552529183 0.44967421142578123 0.5862729714656291 0.44892403955078125 0.6006486861219196 0.44945987646484375 0.6043493657587549
9 0.384837962890625 0.6962970077821012 0.38837448583984374 0.7172200784695202 0.39609053515625 0.719639752918288 0.39019633056640624 0.7271834448767834 0.39287551416015626 0.7435518333333334 0.40766460888671874 0.734300135538262 0.41345164599609374 0.7234827658884566 0.4160236625976563 0.6924539948119325 0.41441615234375 0.6674032438391699 0.40820044580078124 0.6597172185473411 0.39834104931640624 0.6531698631647211 0.39255401220703123 0.6581515460440985 0.38140860791015624 0.6681149130998703 0.3769075791015625 0.6782206141374837 0.378086419921875 0.684625635538262 0.384837962890625 0.6962970077821012
9 0.25880915625 0.7331614649805448 0.2630958505859375 0.7468255110246433 0.267704046875 0.7539422016861219 0.2765989370117187 0.7626245642023346 0.27402692041015625 0.7798469552529183 0.275848765625 0.7905219915693904 0.28935185205078123 0.7997736893644618 0.31871570654296877 0.7182164150453956 0.3113211591796875 0.7039830337224384 0.3041409462890625 0.6974356783398183 0.29556755810546875 0.6985743488975357 0.2828146435546875 0.7048370369649806 0.27349108349609375 0.7129500642023346 0.26534636474609374 0.7219170940337225 0.25880915625 0.7331614649805448
9 0.2714549038085938 0.664983569390402 0.2854938271484375 0.6668339092088198 0.292138203125 0.6634178975356679 0.2956747255859375 0.6715309247730221 0.31389317578125 0.6739505992217899 0.30971364892578124 0.6591478832684825 0.3078918037109375 0.6467648411154345 0.30746313427734373 0.6396481511024643 0.3136788408203125 0.6298271180285343 0.30510545263671873 0.6114660557717251 0.299961419921875 0.6074807094682231 0.2952460561523437 0.6073383754863813 0.29278120703125 0.6165900732814527 0.2892446845703125 0.6247031005188067 0.2824931411132813 0.6247031005188067 0.27456275732421875 0.6211447555123216 0.2684542182617187 0.6286884474708171 0.2650248627929688 0.6331007957198443 0.26523919775390625 0.6508925220492867 0.2714549038085938 0.664983569390402
2 0.8127572016601563 0.3840166245136187 0.813828875 0.3951186621271076 0.8082561728515625 0.4053666964980545 0.8099708505859375 0.4227314215304799 0.8168295610351562 0.39284132101167313 0.8235811044921875 0.3833049552529183 0.83151148828125 0.38914064202334636 0.8375128598632813 0.40422802594033724 0.841370884765625 0.41960007782101166 0.8421210561523438 0.42614743320363163 0.8430855625 0.4033740226977951 0.8435142319335938 0.38928297535667966 0.851551783203125 0.3844436258106355 0.8490869340820313 0.36992557717250324 0.84372856640625 0.3525608521400778 0.832583162109375 0.34601349675745785 0.822723765625 0.3448748261997406 0.815543552734375 0.34857550518806746 0.8049339848632813 0.35569219584954603 0.8077203359375 0.3741955914396887 0.8106138544921875 0.38458595979247734 0.8127572016601563 0.3840166245136187
9 0.8449074072265625 0.3448748261997406 0.8510159462890625 0.3616702159533074 0.8569101508789062 0.3591082075226978 0.86891289453125 0.3685022392996109 0.8700917353515625 0.3502835110246433 0.8683770576171875 0.3235247542153048 0.8630186899414063 0.3182584033722438 0.8571244858398438 0.3310684468223087 0.852944958984375 0.3445901588845655 0.8503729423828125 0.33960847535667965 0.8483367626953126 0.3306414448767834 0.8481224282226563 0.31697739948119324 0.8453360766601562 0.3219590823605707 0.8417995541992187 0.3309261128404669 0.8409422153320313 0.31484239169909206 0.8428712275390625 0.3024593501945525 0.8374056928710938 0.3087220382619974 0.8350480107421875 0.32067807846952007 0.8397633745117188 0.33334578728923475 0.8449074072265625 0.3448748261997406
2 0.9146733540039063 0.3461558307392996 0.9155306928710938 0.3596775428015564 0.9223894033203125 0.3669365674448768 0.92935528125 0.38672096692607 0.93482081640625 0.37106424773022045 0.9353566528320313 0.3472945012970169 0.93407064453125 0.3313531141374838 0.9318201303710938 0.3215320810635538 0.92796210546875 0.3181160693904021 0.92592592578125 0.3171197328145266 0.9183170439453125 0.32637143060959795 0.916066529296875 0.33163778210116734 0.9205675581054688 0.34416315693904015 0.9146733540039063 0.3461558307392996