2 0.8683897109375 0.320720369140625 0.8652615830078125 0.3374037194010417 0.8780121342773437 0.349609375 0.886760345703125 0.349609375 0.8979331435546875 0.34852595247395834 0.9014088413085938 0.34111113020833334 0.9014088413085938 0.31840323697916667 0.9034942602539062 0.29291478515624997 0.90478515625 0.2722604446614583 0.90478515625 0.27023966015625 0.9021039809570313 0.258621232421875 0.8923720268554688 0.24749899934895833 0.88159736328125 0.246572146484375 0.8666518623046875 0.25352354231770835 0.8583101870117188 0.27484115625 0.8579626171875 0.2947684908854167 0.8687372807617187 0.30171988671875 0.8683897109375 0.320720369140625
2 0.8333367954101563 0.37703393489583337 0.8468920170898437 0.3723996705729167 0.8499589526367187 0.3776041666666667 0.8549175888671875 0.3776041666666667 0.85595703125 0.36582382096354166 0.85595703125 0.35004255664062495 0.852800703125 0.33671583854166665 0.8461968774414063 0.323739900390625 0.8340319350585937 0.3186422096354167 0.8236048413085938 0.32420332617187503 0.815263166015625 0.3357889856770833 0.8072690610351563 0.35571632096354167 0.818043724609375 0.37100939127604166 0.8333367954101563 0.37703393489583337
9 0.8229196264648437 0.3072100423177083 0.8319352119140625 0.3138020833333333 0.8344734350585937 0.3138020833333333 0.8409932553710937 0.303039205078125 0.8510727797851563 0.29747808854166663 0.8583984375 0.29081839973958334 0.8583984375 0.28844862890625 0.8562863266601562 0.27477019531249997 0.848639791015625 0.28728270768229164 0.838212697265625 0.27708732682291665 0.8305661616210938 0.2571599928385417 0.8194439287109375 0.26457481510416664 0.8128401025390625 0.27755075390625 0.8138828120117187 0.29284382421875 0.8229196264648437 0.3072100423177083
1 0.39708481494140624 0.3665739322916666 0.3969110302734375 0.37792787890624996 0.39864887890625 0.3825621419270833 0.4059478447265625 0.38279385611979166 0.4123778857421875 0.3800132975260417 0.4144633046875 0.3702813424479167 0.41203031591796874 0.3642568001302083 0.4144633046875 0.36031767578125 0.41455078125 0.3598900123697917 0.41455078125 0.3538350032552083 0.41411573486328124 0.34989058203124995 0.4097711123046875 0.34247575911458333 0.406642984375 0.3406220546875 0.400212943359375 0.34386603906249996 0.39899644873046874 0.3459514576822917 0.3932615473632812 0.355683412109375 0.3932615473632812 0.3640250872395833 0.39708481494140624 0.3665739322916666
1 0.475752458984375 0.38477730078125 0.48241067578125 0.3899739583333333 0.4905695380859375 0.3899739583333333 0.49365234375 0.38711454492187497 0.49365234375 0.35674007617187503 0.49052417529296877 0.3511788880208333 0.487396046875 0.34654462369791666 0.481139791015625 0.35326430664062497 0.47818544775390626 0.35674000455729166 0.473319470703125 0.3618376946614583 0.47627381396484375 0.37017936979166666 0.4773165229492187 0.375740486328125 0.475752458984375 0.38477730078125
2 0.4360619833984375 0.47669738216145835 0.43102222119140626 0.47438025065104167 0.42493975 0.4824902122395833 0.42163783740234373 0.4889781822916666 0.42059512744140626 0.49871013606770837 0.421464052734375 0.5084420904947916 0.4256348896484375 0.5109909348958334 0.428052662109375 0.515625 0.44381931982421874 0.515625 0.44822692578125 0.5114543619791666 0.4494434208984375 0.5026492604166667 0.449617205078125 0.494539298828125 0.4478793564453125 0.4834170657552083 0.44666286181640624 0.4806365071614583 0.4424920244140625 0.48109993294270836 0.439190111328125 0.47947794075520833 0.4360619833984375 0.47669738216145835
2 0.496055072265625 0.4869791666666667 0.49983911328125 0.48265454817708336 0.5005342524414063 0.467129763671875 0.5047050903320313 0.4562392434895833 0.505859375 0.45072432682291663 0.505859375 0.4455115690104167 0.5022721015625 0.4425681653645834 0.4890644497070312 0.43283621093749997 0.4833295478515625 0.44743414257812497 0.4821130537109375 0.4599466549479167 0.482634408203125 0.47593486523437495 0.4869790307617187 0.48497167968750005 0.4919260517578125 0.4869791666666667 0.496055072265625 0.4869791666666667
7 0.2931679658203125 0.7515846412760417 0.30345603173828123 0.7780396686197917 0.3150940029296875 0.7845052083333334 0.317300177734375 0.7845052083333334 0.32660418017578124 0.7711809583333333 0.321827578125 0.7422763912760417 0.323664732421875 0.7207204446614583 0.34033203125 0.7188291204427083 0.34033203125 0.7115373580729166 0.33946426220703124 0.7011241289062501 0.3302784892578125 0.6923057858072917 0.3192555615234375 0.6932856015625001 0.3052931865234375 0.6918158789062501 0.2975771372070313 0.6927956946614584 0.2869216401367187 0.7109222864583334 0.28802393310546875 0.734437865234375 0.2931679658203125 0.7515846412760417
9 0.07529327099609374 0.4352575234375 0.07710171923828125 0.43907536067708336 0.07921157666015625 0.44108474869791664 0.08147213818359375 0.4489213606770834 0.084034107421875 0.45434670898437496 0.08825382177734375 0.44851948372395833 0.09228515625 0.44730574869791667 0.09228515625 0.4192273671875 0.0902129755859375 0.41355613541666664 0.08750030224609374 0.41235050260416667 0.08373269873046875 0.41355613541666664 0.08388340380859376 0.41938336002604165 0.0799650966796875 0.42078993098958334 0.07725242333984375 0.41857960481770834 0.07453975 0.42762184960937505 0.07529327099609374 0.4352575234375
9 0.10699387548828125 0.4426460423177083 0.11000795703125 0.45008077734375 0.1128999033203125 0.4537760416666667 0.11493261181640625 0.4537760416666667 0.1181640625 0.45148709700520834 0.1181640625 0.4388563326822917 0.1179952744140625 0.4374216334635417 0.1154333046875 0.4342066126302084 0.11226851904296875 0.4271737552083333 0.10714457958984375 0.42295404036458334 0.10382908984375 0.4261690611979167 0.1036783857421875 0.43400567447916666 0.1036783857421875 0.44123947005208336 0.10699387548828125 0.4426460423177083
9 0.05672200537109375 0.46729319401041663 0.06095066748046875 0.4733072916666667 0.06135036328125 0.4733072916666667 0.062900873046875 0.46729319401041663 0.062900873046875 0.46086315234375 0.06298828125 0.45876535546875 0.06298828125 0.456748326171875 0.0615445361328125 0.4453908665364583 0.061092423828125 0.4431805397135417 0.059283974609375 0.43695143750000004 0.05566707666015625 0.44217584505208335 0.05431073974609375 0.447802130859375 0.05325581103515625 0.4542321731770833 0.05355721923828125 0.46086315234375 0.05672200537109375 0.46729319401041663
7 0.06486906787109376 0.47519812565104164 0.06758174169921875 0.48122628906250003 0.0722024296875 0.4837239583333333 0.07386324951171876 0.4837239583333333 0.08084370166015625 0.4786140852864584 0.08837890625 0.47197592838541663 0.08837890625 0.4653923131510416 0.085967640625 0.46474930859374997 0.0840084873046875 0.4603286555989583 0.0831042626953125 0.4547023697916666 0.08024088525390626 0.45249204296875 0.07587046630859375 0.45128641015625 0.0725549765625 0.45831926757812497 0.06863667041015625 0.4651511861979167 0.06486906787109376 0.47519812565104164
1 0.08251953125 0.4042229296875 0.08251953125 0.3898659583333333 0.0813485595703125 0.38479174739583333 0.07826214013671876 0.3791333118489583 0.0726680048828125 0.3750180846354167 0.071703498046875 0.37810450455729167 0.0709318935546875 0.3845345455729167 0.07286090576171875 0.392507796875 0.07594732568359375 0.39996664518229164 0.08251953125 0.4042229296875