9 0.6098610791015625 0.30991778124999997 0.6099416220703126 0.3173277662760417 0.6125995517578126 0.31829428580729163 0.6193651899414062 0.3173277662760417 0.61968736328125 0.31002517252604167 0.6204927963867187 0.30315214322916667 0.6208149692382813 0.2958495494791667 0.619284646484375 0.2901578216145833 0.6184792133789062 0.2890839108072917 0.6159018271484376 0.2875804361979167 0.6141298745117187 0.28532522330729165 0.6116330317382812 0.28886912890625 0.6096999921875 0.29434607421875 0.6097805356445313 0.302507796875 0.6098610791015625 0.30991778124999997
9 0.6349100493164063 0.29746041536458334 0.6370041752929687 0.29327216341145834 0.638453955078125 0.28661391601562497 0.64264220703125 0.2830700104166667 0.6427227504882812 0.27898914908854167 0.6407897109375 0.27716350065104167 0.6345878759765625 0.27608958984375 0.6318494033203125 0.280170451171875 0.630721796875 0.2862917428385417 0.6318494033203125 0.29166129687500003 0.6349100493164063 0.29746041536458334
5 0.6381317817382812 0.3007895390625 0.6387761284179687 0.302507796875 0.6374068920898438 0.3105621276041667 0.6377290649414062 0.31625385546875 0.6411118842773438 0.31797211263020836 0.6482802392578125 0.31829428580729163 0.6541599008789063 0.31657602864583334 0.6536766411132813 0.30454822721354163 0.6535155546875 0.29928606380208334 0.6552069638671875 0.2987491087239583 0.6547237041015626 0.2919834700520833 0.6536766411132813 0.285647396484375 0.6497300190429688 0.2830700104166667 0.6468304594726563 0.28457348567708335 0.6442530737304687 0.283821748046875 0.6433670971679688 0.28328479231770837 0.639339931640625 0.285647396484375 0.6374874350585937 0.29241303450520834 0.6364403720703125 0.2978899798177083 0.6381317817382812 0.3007895390625
7 0.6301440327148438 0.4537256868489583 0.6369038198242187 0.4482299251302084 0.6406958955078125 0.44053585872395834 0.6471259365234375 0.4403160279947917 0.6491044106445313 0.42822535286458335 0.6454772080078125 0.4174536595052083 0.6408607680664062 0.41393637239583336 0.6373984384765625 0.41371654166666666 0.6317927612304688 0.42009162565104163 0.628330431640625 0.42888484374999997 0.626516830078125 0.4442729765625 0.6301440327148438 0.4537256868489583
2 0.589090693359375 0.442074671875 0.5925530229492187 0.44779026432291663 0.5927178959960937 0.4570231438802083 0.5930476416015625 0.46889398893229167 0.6040941225585937 0.47153195442708334 0.6123377651367188 0.47109229361979166 0.6148108579101562 0.46427754947916666 0.6214057719726562 0.46515687109375 0.6238788647460938 0.4576826354166667 0.6214057719726562 0.4530661953125 0.615140603515625 0.44647128125 0.6090403081054687 0.43811772330729165 0.6067320883789062 0.440755689453125 0.6017859028320313 0.44405314648437505 0.59222327734375 0.43811772330729165 0.589090693359375 0.442074671875
2 0.5246254086914063 0.43899704557291663 0.5279228657226562 0.4486695859375 0.5295715942382813 0.4499885690104167 0.5277579931640625 0.4546050084635416 0.52693362890625 0.4614197532552083 0.5303959584960938 0.468454328125 0.54309116796875 0.46889398893229167 0.5473778623046875 0.46515687109375 0.5473778623046875 0.4513075514322917 0.5468832436523438 0.434160775390625 0.5455642607421874 0.41899247330729167 0.5444101508789062 0.415475185546875 0.539958583984375 0.41789332096354165 0.5350123984375 0.415475185546875 0.530066212890625 0.40910010221354165 0.5280877387695313 0.4141562024739583 0.5244605361328125 0.4251477259114584 0.5233064262695313 0.42998399609375 0.5246254086914063 0.43899704557291663
2 0.4143254721679687 0.51945499609375 0.41927165771484376 0.5214334707031251 0.427020681640625 0.5190153352864583 0.4233934790039062 0.5100022864583333 0.4280099189453125 0.5075841510416667 0.42735042724609373 0.501648728515625 0.42256911474609377 0.4935150013020833 0.41861216650390626 0.4924158489583333 0.41663369189453126 0.491756357421875 0.410533396484375 0.49835127148437497 0.41069826953125 0.5067048294270834 0.41185237939453123 0.5135195735677084 0.4143254721679687 0.51945499609375
2 0.43460483251953125 0.5429768561197917 0.43740767138671877 0.5431966868489583 0.44054025537109376 0.5497916009114584 0.441694365234375 0.5337439765624999 0.44812440625 0.5273688932291667 0.45851139599609375 0.5273688932291667 0.4672496572265625 0.5330844850260417 0.4688983857421875 0.5271490625 0.466260419921875 0.51725669140625 0.45867626904296876 0.5100022864583333 0.44845415234375 0.5097824557291667 0.44284847509765624 0.5132997434895833 0.4349345786132813 0.5187955052083334 0.4326263583984375 0.5264895709635417 0.4327912314453125 0.5368216028645834 0.43460483251953125 0.5429768561197917
9 0.43811172265625 0.48887776692708335 0.4441941943359375 0.4879509140625 0.4487126015625 0.4928168912760416 0.44975531103515626 0.5034756979166667 0.4558377822265625 0.5064879694010417 0.46713380029296875 0.5064879694010417 0.47321627197265625 0.5025488450520833 0.473563841796875 0.48540206901041666 0.4700881435546875 0.46732843945312497 0.46643866064453127 0.46107218359374996 0.46122511376953124 0.46802357942708334 0.45427371826171875 0.46802357942708334 0.44819124658203124 0.46269417578125 0.4441941943359375 0.46524302083333335 0.4375903681640625 0.47149927734375 0.4375903681640625 0.480536091796875 0.43811172265625 0.48887776692708335
5 0.50067428515625 0.5220127532552084 0.5083208208007812 0.5245615989583333 0.5107538095703125 0.5352204055989583 0.5119703037109375 0.5472694915364583 0.5180527749023438 0.5433303671874999 0.5316079970703125 0.5324398470052083 0.535952619140625 0.5303544283854167 0.5357788344726563 0.5240981725260417 0.5338672006835937 0.5088051015625 0.530739072265625 0.49837800781249997 0.52430903125 0.499768287109375 0.5171838505859375 0.499768287109375 0.5147508618164063 0.5006951393229166 0.5093635302734375 0.50602454296875 0.5018907797851563 0.510658806640625 0.49911022119140624 0.5139027916666666 0.50067428515625 0.5220127532552084
7 0.5232663217773438 0.4756701145833333 0.533345845703125 0.47636525390625 0.5435991547851563 0.48123123111979166 0.5472486376953125 0.4951340227864583 0.5496816259765624 0.5134393652343751 0.556980591796875 0.5208541875 0.5668863305664062 0.5203907610677083 0.577660994140625 0.5113539466145833 0.5773134243164062 0.504634263671875 0.5743590815429688 0.49073147200520834 0.57661828515625 0.47798724674479165 0.5785299189453125 0.4705724244791667 0.57661828515625 0.46223074934895836 0.5715785229492187 0.46338931510416664 0.5689717495117188 0.46732843945312497 0.5614989990234375 0.4675601529947917 0.5535048935546875 0.46640158658854164 0.55055055078125 0.46431616796874997 0.5416875209960937 0.468950431640625 0.5324769213867188 0.468950431640625 0.5197906240234375 0.46941385807291663 0.5232663217773438 0.4756701145833333
2 0.13146811083984375 0.5992594075520833 0.1316073896484375 0.6104017174479167 0.1341144091796875 0.6183870390625 0.138292775390625 0.6183870390625 0.138849890625 0.6122587688802084 0.138849890625 0.6013021647135417 0.13940700634765624 0.59517389453125 0.1405212373046875 0.5992594075520833 0.14581383447265625 0.5996308183593749 0.14706734423828124 0.5968452408854167 0.14609239208984376 0.5858886360677084 0.14344609375 0.57808901953125 0.1385713330078125 0.5769747884114583 0.1348108037109375 0.582545943359375 0.12882181201171874 0.5838458795572917 0.128682533203125 0.5914597910156251 0.13146811083984375 0.5992594075520833
2 0.1558419130859375 0.595359599609375 0.1608559521484375 0.6065019088541667 0.16461648193359374 0.6170871028645833 0.1736696083984375 0.6169013977864584 0.17882292626953125 0.6100303072916667 0.17339105029296875 0.6026021009114583 0.1694912421875 0.5896027395833333 0.1729732138671875 0.581803123046875 0.1692126845703125 0.5723321595052083 0.16461648193359374 0.5662038893229167 0.16057739453125 0.5667610052083333 0.15779181689453126 0.574003505859375 0.1526384990234375 0.5797603658854167 0.1526384990234375 0.5855172259114584 0.1558419130859375 0.595359599609375
9 0.170575609375 0.573113158203125 0.17507990234375 0.5827745397135417 0.18350097119140624 0.572329802734375 0.19583881689453125 0.5587516451822917 0.19094284619140625 0.5472624342447917 0.192901234375 0.536817697265625 0.1901594912109375 0.53055085546875 0.18252177734375 0.536817697265625 0.18056338916015624 0.5389066451822917 0.17292567529296876 0.549090263671875 0.16391708984375 0.5506569739583334 0.16391708984375 0.5647573684895834 0.170575609375 0.573113158203125
9 0.07919426025390625 0.38936922591145834 0.08149374560546875 0.39022088671875 0.08277123681640625 0.39430886002604165 0.08507072216796875 0.4043584609375 0.08724245751953125 0.404699125 0.0913304306640625 0.40299580273437496 0.09695139404296875 0.399078162109375 0.0940131630859375 0.3939681953125 0.09145818017578125 0.3886878971354167 0.090052939453125 0.38034161848958337 0.08903094580078125 0.37420965820312496 0.08698695947265625 0.37199533984375005 0.084687474609375 0.3745503229166667 0.0812382470703125 0.3784679641927083 0.07970525732421875 0.38357793033854165 0.07919426025390625 0.38936922591145834
9 0.05568841455078125 0.4622714140625 0.0588821435546875 0.46704071614583337 0.064119859375 0.4610790885416667 0.06169262548828125 0.45307347460937497 0.06552510009765625 0.45102948763020834 0.06450310693359375 0.44370520247395834 0.0624591201171875 0.43740291080729166 0.05875439453125 0.4333149375 0.0559439130859375 0.4333149375 0.0533889296875 0.4380842395833333 0.05160044140625 0.44472719596354165 0.05300568212890625 0.45051849153645834 0.05568841455078125 0.4622714140625
9 0.0669303408203125 0.44012822591145834 0.070379568359375 0.4356995885416666 0.071529310546875 0.4321226119791666 0.06948532421875 0.4287159674479167 0.069740822265625 0.4251389908854167 0.070379568359375 0.42275433984375005 0.06986857177734375 0.41985869270833337 0.06833558154296875 0.4164520481770833 0.06731358837890625 0.4154300546875 0.06526960205078125 0.4149190579427083 0.06297011669921874 0.4179850377604167 0.06297011669921874 0.4249686588541666 0.065014103515625 0.4356995885416666 0.0669303408203125 0.44012822591145834