2 0.8689244799804687 0.30165350520833334 0.86857691015625 0.3206539876302083 0.8654487822265625 0.33733733723958337 0.87900400390625 0.3503132760416667 0.8981203427734376 0.34845957096354163 0.9015960405273438 0.3410447486979167 0.9015960405273438 0.31833685546875 0.9036814594726562 0.29284840364583337 0.90507173828125 0.2706039375 0.9022911801757812 0.2585548509114583 0.8925592260742188 0.24743261783854167 0.8817845625 0.24650576497395835 0.8668390615234375 0.2534571608072917 0.8584973862304688 0.27477477473958334 0.85814981640625 0.294702109375 0.8689244799804687 0.30165350520833334
2 0.8181792905273437 0.37116746354166663 0.833472361328125 0.3771920065104167 0.8470275830078124 0.37255774283854165 0.8508508510742188 0.37904571223958333 0.8550216884765625 0.378118859375 0.8571071069335937 0.3544841139322917 0.85293626953125 0.3368739108072916 0.846332443359375 0.32389797200520837 0.8341675009765624 0.31880028190104165 0.8237404072265625 0.3243613984375 0.8153987319335938 0.33594705794270835 0.807404626953125 0.35587439322916664 0.8181792905273437 0.37116746354166663
9 0.8226976977539062 0.3072146217447917 0.833472361328125 0.31509287044270834 0.8407713266601563 0.30304378450520836 0.8508508510742188 0.29748266796875 0.8584973862304688 0.2905312721354167 0.8560643979492187 0.27477477473958334 0.8484178623046875 0.287287287109375 0.8379907685546875 0.2770919069010417 0.8303442329101562 0.257164572265625 0.819222 0.26457939453125 0.812618173828125 0.2775553333333333 0.8136608833007812 0.29284840364583337 0.8226976977539062 0.3072146217447917
1 0.3932752197265625 0.36398435481770836 0.3970984873046875 0.36653319986979166 0.39692470263671875 0.377887146484375 0.39866255126953126 0.38252141015624996 0.40596151708984374 0.3827531236979167 0.41239155810546874 0.3799725651041667 0.41447697705078124 0.3702406106770833 0.41204398828125 0.3642160677083333 0.41447697705078124 0.36027694335937505 0.4149983315429687 0.3577280983072917 0.4141294072265625 0.349849849609375 0.40978478466796875 0.34243502734375 0.4066566567382813 0.34058132226562504 0.4002266157226563 0.343825306640625 0.39901012109375 0.3459107252604167 0.3932752197265625 0.3556426796875 0.3932752197265625 0.36398435481770836
1 0.4765181850585937 0.37000889778645835 0.47756089404296875 0.37557001432291665 0.475996830078125 0.38460682877604163 0.4831220107421875 0.39016794596354165 0.4904209765625 0.39016794596354165 0.494418029296875 0.38646053450520834 0.49407045947265626 0.3758017278645833 0.49407045947265626 0.3653746341145833 0.494418029296875 0.3574963854166667 0.49076854638671874 0.351008416015625 0.48764041796875 0.34637415169270835 0.481384162109375 0.35309383463541666 0.47842981884765623 0.3565695325520833 0.473563841796875 0.36166722265625 0.4765181850585937 0.37000889778645835
2 0.421428373046875 0.5085733880208333 0.4255992104492187 0.5111222330729167 0.4283797685546875 0.51645163671875 0.4348098095703125 0.5169150631510416 0.4428039150390625 0.5166833502604167 0.44819124658203124 0.5115856595052083 0.4494077412109375 0.50278055859375 0.44958152587890626 0.49467059635416666 0.44784367724609375 0.48354836328125 0.4466271826171875 0.48076780468749997 0.4424563452148437 0.48123123111979166 0.43915443212890626 0.4796092389322917 0.43602630419921873 0.4768286803385417 0.4309865419921875 0.474511548828125 0.42490407080078124 0.4826215104166667 0.4216021577148438 0.4891094798177083 0.4205594482421875 0.4988414342447917 0.421428373046875 0.5085733880208333
2 0.4871190634765625 0.48470692903645834 0.4951131689453125 0.4879509140625 0.4999791459960938 0.48238979752604166 0.50067428515625 0.46686501302083333 0.504845123046875 0.45597449283854163 0.5069305415039063 0.4460108255208333 0.5024121342773438 0.4423034147135417 0.489204482421875 0.4325714602864583 0.48346958056640627 0.4471693919270833 0.48225308642578124 0.459681904296875 0.48277444091796873 0.4756701145833333 0.4871190634765625 0.48470692903645834
7 0.3034244560546875 0.7779737408854167 0.31665196923828126 0.785322359375 0.3265726044921875 0.7711150305989584 0.32179600244140627 0.7422104641927083 0.32363315673828125 0.7206545169270834 0.34090241015625 0.7186948854166667 0.3394326865234375 0.701058201171875 0.33024691357421876 0.6922398587239583 0.31922398583984374 0.6932196744791667 0.30526161083984377 0.6917499511718751 0.2975455615234375 0.6927297669270834 0.286890064453125 0.7108563587239584 0.287992357421875 0.7343719381510416 0.29313639013671877 0.7515187141927083 0.3034244560546875 0.7779737408854167
9 0.0744116513671875 0.4275615677083333 0.075165171875 0.4351972415364583 0.07697362060546875 0.439015078125 0.07908347802734375 0.44102446614583335 0.08134403955078125 0.44886107877604164 0.0839060087890625 0.45428642643229167 0.08812572314453125 0.44845920117187504 0.09279755029296875 0.4470526302083333 0.09279755029296875 0.43961789453125005 0.09294825439453125 0.4279634453125 0.09294825439453125 0.42133246549479164 0.09008487646484375 0.41349585286458335 0.087372203125 0.4122902200520833 0.0836046005859375 0.41349585286458335 0.0837553046875 0.4193230774739583 0.07983699853515625 0.42072964908854166 0.07712432470703125 0.418519322265625 0.0744116513671875 0.4275615677083333
9 0.1101285205078125 0.45026765039062505 0.11374541845703125 0.45488924283854165 0.11856794921875 0.45147328320312496 0.1193214697265625 0.447856384765625 0.11811583740234376 0.4376085071614583 0.11555386767578125 0.43439348632812497 0.11238908203125 0.42736062890625 0.107265142578125 0.4231409140625 0.10394965283203125 0.4263559348958333 0.10379894873046876 0.4341925475260417 0.10379894873046876 0.44142634374999995 0.1071144384765625 0.44283291536458336 0.1101285205078125 0.45026765039062505
9 0.05376519091796875 0.46071646744791667 0.05692997705078125 0.4671465084635417 0.061451099609375 0.47357654947916666 0.0631088447265625 0.4671465084635417 0.0631088447265625 0.46071646744791667 0.063259548828125 0.45709956901041665 0.0617525078125 0.44524418098958335 0.0613003955078125 0.4430338541666667 0.0594919462890625 0.436804751953125 0.05587504833984375 0.44202916015625 0.05451871142578125 0.4476554459635416 0.05346378271484375 0.45408548763020834 0.05376519091796875 0.46071646744791667
7 0.06762996728515625 0.4812122233072917 0.0732060185546875 0.48422630533854166 0.08089192724609374 0.47860001953125003 0.08933135595703125 0.47116528450520834 0.08902994775390626 0.465538998046875 0.0860158662109375 0.4647352428385417 0.084056712890625 0.46031458984375 0.08315248828125 0.4546883040364584 0.08028911083984375 0.45247797721354166 0.07591869189453125 0.45127234440104164 0.0726032021484375 0.4583052018229166 0.06868489599609374 0.46513712044270833 0.06491729345703125 0.4751840598958333 0.06762996728515625 0.4812122233072917
1 0.08275462939453125 0.40432098763020835 0.08294753076171875 0.40149176953125004 0.08294753076171875 0.39146090559895835 0.08140432080078125 0.38477366276041663 0.0783179013671875 0.3791152265625 0.072723765625 0.375 0.07175925927734375 0.37808641992187497 0.070987654296875 0.3845164609375 0.07291666650390626 0.39248971223958334 0.07600308642578125 0.3999485598958334 0.08275462939453125 0.40432098763020835