1 0.07742029345703125 0.4035379228274968 0.08183688720703125 0.4044005518806744 0.08235648681640625 0.39732699286640727 0.07664089453125 0.3835249260700389 0.073523298828125 0.3795568320363165 0.06871700537109375 0.38007440920881974 0.0692366044921875 0.38939080415045396 0.07235420068359374 0.3969819409857328 0.075341896484375 0.39473910505836574 0.07742029345703125 0.4035379228274968
9 0.08989067626953125 0.4280365907911803 0.0946969697265625 0.4254487029831388 0.0902803759765625 0.4171674630350195 0.08950097705078125 0.4113015849546044 0.092228873046875 0.41009390402075224 0.09430727001953125 0.4194102989623865 0.09729496630859374 0.4230333417639429 0.09612586767578125 0.41406199805447474 0.0928783720703125 0.401812664072633 0.09015047607421875 0.39542920817120625 0.08456478369140626 0.39508415693904025 0.08391528466796876 0.4021577159533074 0.085993681640625 0.4126817918287938 0.0872926796875 0.4201004027237354 0.08989067626953125 0.4280365907911803
9 0.11418194287109375 0.4147521018158236 0.11262314501953125 0.4054357068741894 0.1121035458984375 0.3966368891050584 0.11483144189453125 0.39387647600518805 0.1121035458984375 0.38559523605706875 0.10950554931640626 0.38421502918287936 0.11041484814453124 0.3900809079118029 0.110934447265625 0.3964643631647211 0.1075570517578125 0.3885281750972763 0.10378995703125 0.3914611141374838 0.0991135634765625 0.39284132101167313 0.09937336328125 0.40457307782101165 0.10158166015625 0.4040555 0.10417965673828125 0.4194102989623865 0.11418194287109375 0.4147521018158236
9 0.1174294384765625 0.4178575667963684 0.125223427734375 0.4194102989623865 0.1271719248046875 0.4142345239948119 0.12418422900390624 0.3945665791180285 0.12158623291015624 0.38594028793774315 0.1161304404296875 0.38386997795071337 0.11444174267578125 0.398534673151751 0.11444174267578125 0.40267529312581063 0.1178191376953125 0.40336539688715956 0.1174294384765625 0.4178575667963684
7 0.145747599609375 0.41009390402075224 0.14743629736328126 0.41043895590142676 0.1482156962890625 0.4002599319066148 0.15367148876953124 0.3983621478599222 0.15873758154296874 0.39542920817120625 0.15938708056640624 0.38611281322957197 0.15678908447265624 0.373345902075227 0.1544508876953125 0.3698953852140078 0.14938479443359376 0.37075801426718547 0.14587749951171874 0.3740360051880674 0.14353930224609374 0.3795568320363165 0.1436692021484375 0.39025343320363165 0.14496820068359376 0.40284781906614786 0.145747599609375 0.41009390402075224
7 0.16977906640625 0.4119916880674449 0.1722471630859375 0.4061258099870298 0.17523485888671875 0.407333490920882 0.18458764599609376 0.40422802594033724 0.18861454052734375 0.4019851900129702 0.192901234375 0.4035379228274968 0.19523943115234374 0.3981896219195849 0.18952383935546874 0.3890457529182879 0.18549694482421875 0.38041946108949415 0.1793916533203125 0.37576126329442283 0.17523485888671875 0.37610631517509724 0.17081826513671874 0.379211780155642 0.16925946728515626 0.39301384695201036 0.16783056884765624 0.40319287094682227 0.16679137060546875 0.41095653307393 0.16977906640625 0.4119916880674449
9 0.11768923828125 0.34660439753566796 0.1214563330078125 0.3497098625162127 0.12509352783203126 0.3438439844357976 0.1236646298828125 0.3340100123216602 0.12535332763671875 0.33176717639429315 0.12223573193359374 0.32555624643320363 0.11483144189453125 0.3291792885862516 0.1134025439453125 0.334182537613489 0.1134025439453125 0.3393583125810636 0.1161304404296875 0.33918578728923476 0.11768923828125 0.34660439753566796
9 0.1610757783203125 0.3543680603112841 0.15938708056640624 0.3422912522697795 0.1557498857421875 0.337460528534371 0.1504239931640625 0.34142862256809337 0.1504239931640625 0.3552306893644617 0.1535415888671875 0.35488563748378726 0.15471068701171875 0.360924042153048 0.1610757783203125 0.3543680603112841
7 0.16406347412109376 0.31537722178988326 0.15990668017578125 0.3045080946822309 0.1561395849609375 0.3020927328145266 0.15289208984375 0.30330041374837874 0.15380138818359376 0.31399701556420234 0.15510038671875 0.32331341050583656 0.16302427587890625 0.3219332036316472 0.16406347412109376 0.31537722178988326
7 0.16899966748046874 0.29622685473411153 0.16925946728515626 0.293293915693904 0.17081826513671874 0.2998498968871595 0.1797813525390625 0.29674443190661476 0.179521552734375 0.29087855382619976 0.18224944921875 0.2850126757457847 0.17809265478515626 0.2765589098573282 0.1753647587890625 0.2800094260700389 0.17055846533203126 0.27742153891050586 0.1673109697265625 0.281217107003891 0.1664016708984375 0.291051079766537 0.16614187158203125 0.29639938067444876 0.16899966748046874 0.29622685473411153
9 0.18926403955078125 0.29450159662775616 0.18809494140625 0.27759406485084304 0.183548447265625 0.2781116420233463 0.18237934912109374 0.2867379338521401 0.18588664404296876 0.2872555116731517 0.18640624365234376 0.2955367516212711 0.18926403955078125 0.29450159662775616
9 0.1965384296875 0.2836324688715953 0.19913642578125 0.2832874169909209 0.1971879287109375 0.2748336511024643 0.193810533203125 0.2729358670557717 0.189393939453125 0.2760413320363165 0.19056303759765625 0.29536422568093385 0.193420833984375 0.29605432879377436 0.1953693310546875 0.2903609766536965 0.1965384296875 0.2836324688715953
9 0.299419087890625 0.3136519636835279 0.2985097890625 0.32693645265888455 0.302146984375 0.32417603955901425 0.29954898779296874 0.30606082684824903 0.2943529951171875 0.29208623476005185 0.29201479833984373 0.2974345356679637 0.286948705078125 0.2998498968871595 0.2882477036132812 0.3234859364461738 0.2952622939453125 0.32848918547341116 0.29552209326171874 0.31313438651102465 0.299419087890625 0.3136519636835279
9 0.30851207568359373 0.3476395525291829 0.31578646533203125 0.3471219753566796 0.32007315966796873 0.3448791394293126 0.3183844619140625 0.33038696952010377 0.31669576416015627 0.3164123767833982 0.310980171875 0.31969036770428017 0.30838217578125 0.3234859364461738 0.30851207568359373 0.336425373540856 0.30851207568359373 0.3476395525291829
9 0.34371492724609376 0.31227175680933855 0.3472222221679688 0.31158165369649804 0.34540362451171874 0.32486614267185476 0.3495604189453125 0.31917279053177694 0.34813152099609374 0.30933881776913097 0.347092322265625 0.2995048456549935 0.3442345263671875 0.29864221660181584 0.338648833984375 0.30243778469520105 0.3395581328125 0.3222782555123217 0.34189632958984373 0.3243485654993515 0.34371492724609376 0.31227175680933855
9 0.3798270771484375 0.3141695415045396 0.38203537451171876 0.31347943774319065 0.382295173828125 0.3207255226977951 0.38099617578125 0.33021444357976654 0.3838539716796875 0.32797160765239947 0.38398387158203123 0.3188277386511024 0.3829446728515625 0.3110640765239948 0.3825549736328125 0.3036454656290532 0.3794373779296875 0.3003674747081712 0.37696928125 0.30968386964980543 0.376059982421875 0.3138244896238651 0.3741114853515625 0.31140912775616086 0.37489088427734374 0.30519819779507135 0.37333208642578125 0.3041630428015564 0.3704742900390625 0.305715775616083 0.3722928876953125 0.3176200577172503 0.3726825874023437 0.32745403047989624 0.37800847998046877 0.32883423670557715 0.3798270771484375 0.3141695415045396
5 0.3638493994140625 0.22411105642023346 0.36553809716796876 0.2216956952010376 0.36436899853515625 0.21772760051880674 0.361381302734375 0.21669244552529182 0.35774410791015626 0.22048801426718548 0.3600823046875 0.23032198638132295 0.36657729541015627 0.23204724513618677 0.36618759619140623 0.22825167639429314 0.3638493994140625 0.22411105642023346
7 0.39359645849609376 0.2342900804150454 0.3963243544921875 0.2315296673151751 0.39268715966796874 0.22600884046692607 0.38827056591796877 0.22549126329442284 0.38463337060546876 0.22859672827496758 0.3868416674804688 0.2341175551232166 0.3868416674804688 0.24360647600518806 0.394765556640625 0.24084606225680935 0.39359645849609376 0.2342900804150454
7 0.41827742431640624 0.2189352814526589 0.42100532080078124 0.2180726523994812 0.419316623046875 0.21341445525291827 0.415289728515625 0.21341445525291827 0.4128216318359375 0.21703749740596628 0.413471130859375 0.22497368547341115 0.41451032958984374 0.23101209014267185 0.4168485263671875 0.22876925421530478 0.41827742431640624 0.2189352814526589
7 0.43672319921875 0.21790012645914397 0.43893149609375 0.21703749740596628 0.437632498046875 0.21048151556420233 0.43568400048828126 0.2092738352788586 0.42918900927734377 0.21151667055771725 0.4306179072265625 0.22894178015564204 0.43386540283203123 0.22842420233463034 0.43815209716796877 0.22307590142671857 0.43672319921875 0.21790012645914397
7 0.4489337822265625 0.23998343320363166 0.44789458349609373 0.2277340992217899 0.4494533813476562 0.22945935732814526 0.45127197900390625 0.2279066251621271 0.4480244833984375 0.2225583242542153 0.440230494140625 0.22342095330739298 0.4346448017578125 0.22876925421530478 0.43724279833984375 0.23083956420233465 0.4393211953125 0.23998343320363166 0.4489337822265625 0.23998343320363166
9 0.4729652490234375 0.23221977042801556 0.47179615087890625 0.22324842736705577 0.4738745478515625 0.2208330654993515 0.4724456499023437 0.21427708430609596 0.4673795571289063 0.21427708430609596 0.46439186083984374 0.2147946614785992 0.45945566796875 0.2235934792477302 0.46335266259765623 0.22480116018158236 0.46465166064453123 0.23273734824902723 0.4729652490234375 0.23221977042801556
9 0.48296753564453127 0.24602183722438392 0.48205823681640625 0.2382581750972763 0.4847861328125 0.2370504941634241 0.48361703466796874 0.23135714137483784 0.47959014013671875 0.23014946044098572 0.475043646484375 0.23083956420233465 0.4736147485351562 0.23860322632944228 0.47556324560546875 0.2394658560311284 0.47647254443359377 0.2465394150453956 0.48296753564453127 0.24602183722438392
9 0.5105062973632812 0.2625843171206226 0.5081681005859375 0.25033498313878083 0.5121949951171875 0.24912730220492865 0.5112856962890625 0.23998343320363166 0.5075186015625 0.23808564915693903 0.5042711059570313 0.23739554539559016 0.5019329091796875 0.23670544228274967 0.5005040112304687 0.24360647600518806 0.5008937109375 0.26154916212710766 0.5067392026367188 0.2646546271076524 0.5105062973632812 0.2625843171206226
7 0.5777944047851562 0.25689096498054476 0.5813017001953125 0.2562008612191959 0.5785738037109375 0.2430888981841764 0.5823408989257812 0.24274384630350196 0.57974290234375 0.22963188326848247 0.5742871098632812 0.22721652140077822 0.5701303154296875 0.23135714137483784 0.5709097143554688 0.24291637224383916 0.5714293134765625 0.2548206549935149 0.5777944047851562 0.25689096498054476
9 0.6132570561523437 0.26413704993514914 0.611828158203125 0.25723601621271075 0.6085806625976562 0.2555107581063554 0.6022155712890624 0.2584436971465629 0.59883817578125 0.2689677730220493 0.5985783764648438 0.27310839299610895 0.6085806625976562 0.27742153891050586 0.609619861328125 0.2677600920881971 0.6132570561523437 0.26413704993514914
9 0.6044238681640625 0.2396383813229572 0.6129972563476562 0.24377900129701685 0.6119580581054688 0.2379131232166018 0.6159849526367187 0.23653291634241247 0.61312715625 0.2280791504539559 0.6092301616210938 0.22600884046692607 0.6061125659179688 0.22497368547341115 0.6013062724609375 0.22876925421530478 0.5984484765625 0.23377250324254215 0.6011763725585938 0.2344626063553826 0.6044238681640625 0.2396383813229572
8 0.6317028305664063 0.25033498313878083 0.6335214282226562 0.24791962127107653 0.6326121293945313 0.24429657911802855 0.6279357358398437 0.2465394150453956 0.6239088413085937 0.24964488002594035 0.6210510454101562 0.24602183722438392 0.6196221474609375 0.24860972503242543 0.6211809453125 0.2603414811932555 0.6278058359375 0.26379199805447473 0.6320925302734375 0.266552411154345 0.6317028305664063 0.25033498313878083
9 0.6482001079101563 0.2465394150453956 0.6566435966796875 0.24791962127107653 0.6562538969726562 0.23860322632944228 0.65820239453125 0.2349801841763943 0.6562538969726562 0.23101209014267185 0.653655900390625 0.23032198638132295 0.6483300078125 0.22997693514915696 0.6449526123046875 0.23204724513618677 0.6462516108398437 0.23584281322957198 0.647420708984375 0.2363603904020752 0.6482001079101563 0.2465394150453956
2 0.8687700043945312 0.4056082328145266 0.8783825913085938 0.38887322697795074 0.8874755786132813 0.37075801426718547 0.8939705698242187 0.3531603793774319 0.8909828740234375 0.3433264072632944 0.8847476826171875 0.3393583125810636 0.87825269140625 0.3426363035019455 0.8744855966796875 0.3412560972762646 0.8705886020507813 0.33608032230869 0.8672112065429688 0.33556274448767837 0.8629245126953125 0.35385048249027234 0.8581182192382812 0.37024043709468224 0.8638338115234375 0.38300734824902727 0.8687700043945312 0.4056082328145266
2 0.831099056640625 0.4094038009079118 0.8343465517578125 0.4142345239948119 0.8409714428710937 0.4171674630350195 0.851493328125 0.39732699286640727 0.8561697216796875 0.3740360051880674 0.8551305234375 0.36333940337224385 0.84304983984375 0.34470661348897536 0.8411013427734375 0.3434989325551232 0.8318784555664063 0.3550581634241245 0.8330475537109375 0.37300085019455254 0.8334372534179687 0.40095003501945525 0.831099056640625 0.4094038009079118
2 0.7994035 0.4014676128404669 0.8104449848632812 0.4076785428015564 0.82616286328125 0.4094038009079118 0.8307093569335937 0.40647086186770426 0.8329176538085937 0.3983621478599222 0.8320083549804688 0.37162064332036315 0.8303196577148437 0.35626584435797665 0.821226669921875 0.34832965629053175 0.8107047846679688 0.34694944941634237 0.8057685913085938 0.34832965629053175 0.7979746020507813 0.3528153274967575 0.7905703120117188 0.3788667282749676 0.8001828989257812 0.3873204941634241 0.7994035 0.4014676128404669
2 0.68574115625 0.38386997795071337 0.684052458984375 0.3912885881971465 0.6915866484375 0.41078400778210117 0.70405703125 0.4149246277561608 0.7279585981445312 0.40526318093385216 0.7314658935546875 0.3961193119325551 0.7340638901367188 0.3602339383916991 0.7371814858398438 0.32779908171206223 0.7345834892578125 0.3152046964980545 0.7300369956054688 0.3226233067444877 0.7270492998046875 0.3336649604409857 0.72276260546875 0.32555624643320363 0.7182161118164062 0.31209923151750973 0.7095128237304688 0.2938114928664073 0.6960032421875 0.30795861154345006 0.6808049633789063 0.3369429513618677 0.6735305732421875 0.37300085019455254 0.68574115625 0.38386997795071337
9 0.5098567983398438 0.49204367444876784 0.5114155961914062 0.5032578540856031 0.5170012885742188 0.5106764643320363 0.5247952778320313 0.5058457412451361 0.5283025732421875 0.4951491394293126 0.528952072265625 0.4844525382619974 0.5272633745117188 0.4703054195849546 0.52401587890625 0.4602989215304799 0.519988984375 0.4568484046692607 0.5185600864257812 0.4594362924773022 0.512844494140625 0.4597813437094682 0.508038201171875 0.4620241796368353 0.5027123081054687 0.47254825551232166 0.5011535102539062 0.4756537204928664 0.5067392026367188 0.4799668664072633 0.5098567983398438 0.49204367444876784
9 0.488423328125 0.5206829630350195 0.49361932080078125 0.5277565220492867 0.5054402045898437 0.5277565220492867 0.5099866982421875 0.5193027561608301 0.5072588022460938 0.5070534221789884 0.5057000043945312 0.4944590363164721 0.5007638110351562 0.48548769325551233 0.49465851953125 0.4844525382619974 0.49271002197265623 0.48807558041504534 0.48764392919921873 0.4908359941634241 0.4850459326171875 0.4923887263294423 0.48088913818359375 0.49946228534370946 0.47959014013671875 0.511194042153048 0.4851758325195312 0.5141269811932555 0.488423328125 0.5206829630350195
2 0.47413434765625 0.566402308690013 0.47712204345703124 0.5717506095979248 0.483876833984375 0.569680299610895 0.48088913818359375 0.5639869468223087 0.4851758325195312 0.5565683359273671 0.483487134765625 0.5450091050583658 0.483487134765625 0.541903640077821 0.488423328125 0.5432838469520104 0.49089142431640626 0.5367278651102464 0.4925801220703125 0.5289642029831387 0.4847861328125 0.5270664189364461 0.4775117431640625 0.5230983242542153 0.471016751953125 0.5236159020752269 0.46179386474609374 0.5312070389105058 0.462962962890625 0.5446640538261998 0.4699775532226563 0.548459621919585 0.4729652490234375 0.5570859137483787 0.47413434765625 0.566402308690013
2 0.4569875712890625 0.6000448456549935 0.46439186083984374 0.5909009766536965 0.46400216162109376 0.58244721076524 0.45867626904296876 0.5791692204928665 0.45568857275390623 0.5800318495460441 0.450492580078125 0.5848625726329442 0.4476347841796875 0.5938339156939041 0.4485440830078125 0.6014250525291829 0.4569875712890625 0.6000448456549935
9 0.39151806103515624 0.7353050985732814 0.40632664111328126 0.7280590136186771 0.425941513671875 0.7213305064850843 0.43594380029296875 0.7127042146562905 0.43672319921875 0.7006274066147861 0.4306179072265625 0.6809594617380025 0.42321361767578125 0.6497322859922179 0.41412063037109376 0.6285116083009079 0.40632664111328126 0.6292017114137484 0.4003512490234375 0.6404158910505836 0.3919077607421875 0.6524926990920882 0.3798270771484375 0.6618090940337225 0.37593008251953125 0.6795792548638133 0.3850230703125 0.7004548806744487 0.39151806103515624 0.7353050985732814
8 0.2679833310546875 0.812596671854734 0.27863511669921875 0.8051780609597925 0.28396100927734375 0.7972418728923476 0.292794197265625 0.8088011031128405 0.30838217578125 0.8086285778210117 0.31046057275390626 0.8063857418936445 0.30695327783203125 0.7934463041504539 0.3011077856445312 0.7913759941634241 0.2969509912109375 0.7637718612191958 0.2925343974609375 0.7494522172503242 0.28928690185546874 0.7427237094682231 0.28110321337890626 0.7346149954604411 0.26733383203125 0.7235733424124513 0.2631770380859375 0.7209854546044099 0.2533046513671875 0.7470368553826199 0.24745915966796875 0.7813694961089495 0.257981044921875 0.801555018158236 0.2679833310546875 0.812596671854734