7 0.4174561391601562 0.5734872057291667 0.4219745463867188 0.5855362916666667 0.42844362548828124 0.599609375 0.428840099609375 0.599609375 0.4372676171875 0.5901705553385417 0.43970060595703125 0.578584896484375 0.44091796875 0.5676286282552083 0.44091796875 0.5644585006510416 0.4393530361328125 0.5498524602864584 0.43379191943359374 0.53919365234375 0.425450244140625 0.5452181959635417 0.417803708984375 0.5507793125 0.4157182900390625 0.5549501497395833 0.41162109375 0.5649655188802084 0.41162109375 0.5652494947916666 0.4174561391601562 0.5734872057291667
7 0.4577422607421875 0.58344966015625 0.4694706474609375 0.5859375 0.4739950541992187 0.5859375 0.48832840234375 0.57464455859375 0.4970703125 0.5611954674479166 0.4970703125 0.5488549661458334 0.4911089609375 0.5333996106770833 0.48485270458984375 0.5264482141927084 0.4754683203125 0.5329361842447916 0.463998517578125 0.5352533157552083 0.45600441162109373 0.54405841796875 0.453223853515625 0.5505463873697917 0.45600441162109373 0.57140057421875 0.4577422607421875 0.58344966015625
6 0.516074490234375 0.544921875 0.5282670913085937 0.5397492565104166 0.53076171875 0.533096916015625 0.53076171875 0.530364689453125 0.5289622309570312 0.5179682161458333 0.525138962890625 0.519821921875 0.5216632651367188 0.5253830384114583 0.5126264506835938 0.527236744140625 0.5008090776367188 0.5365052721354167 0.501851787109375 0.54345666796875 0.5077126162109376 0.544921875 0.516074490234375 0.544921875
8 0.7046937880859375 0.37995402864583333 0.7012180903320312 0.3859785716145833 0.6914861362304687 0.3859785716145833 0.6890531474609375 0.3869054244791667 0.6980899619140625 0.40219849479166664 0.7043462182617187 0.40080821614583334 0.7161635913085937 0.392466541015625 0.7203344287109374 0.40219849479166664 0.7192917192382813 0.40868646484375 0.7256534599609376 0.4225260416666667 0.7281337705078125 0.4225260416666667 0.7377129184570312 0.4202721243489584 0.739450767578125 0.41100359700520833 0.74072265625 0.399556595703125 0.74072265625 0.39758906380208336 0.7384080581054687 0.37995402864583333 0.7345847905273437 0.36512438346354165 0.7307615224609375 0.3567827083333333 0.723810126953125 0.34612390234374996 0.7182490102539062 0.34612390234374996 0.7102549047851563 0.35492900390625 0.7060840673828125 0.365587810546875 0.7046937880859375 0.37995402864583333
1 0.7490823837890624 0.3899739583333333 0.74938351953125 0.3899739583333333 0.7536735 0.38337398828124997 0.7564540581054687 0.37225175455729165 0.763671875 0.3617531126302083 0.763671875 0.34663633138020833 0.762710314453125 0.3407387604166667 0.7581919072265625 0.33610449609375 0.7512405112304688 0.3412021868489583 0.74602696484375 0.3472267298177083 0.7425512666015625 0.36020266861979167 0.744636685546875 0.3713249016927083 0.7463745341796875 0.37688601888020834 0.7490823837890624 0.3899739583333333
1 0.6396198359375 0.45703125 0.6455078125 0.446409802734375 0.6455078125 0.4131964915364583 0.6448254350585938 0.4102395221354167 0.634050771484375 0.4079223893229167 0.6257090961914062 0.4195080494791667 0.6253615263671874 0.42738629817708335 0.6270993754882812 0.4445330748697917 0.631270212890625 0.45287475000000005 0.6395832138671875 0.45703125 0.6396198359375 0.45703125
8 0.6176845522460938 0.446365166015625 0.6076050283203125 0.45934110481770835 0.6062147490234375 0.4760244544270833 0.6183796918945312 0.47648788085937505 0.6260262270507813 0.47231704361979165 0.6326300532226562 0.4676827799479167 0.6336727626953125 0.4574873990885417 0.6336727626953125 0.4542434147135417 0.626373796875 0.44868229752604166 0.6176845522460938 0.446365166015625
1 0.6122324365234375 0.38469578450520836 0.6054066474609375 0.3815104166666667 0.5986002802734375 0.3815104166666667 0.5913782490234375 0.3870129173177083 0.5896403999023437 0.39674487109375 0.5883122866210938 0.4055989583333333 0.591047595703125 0.4055989583333333 0.6007626333007813 0.404159693359375 0.615234375 0.3991060690104167 0.615234375 0.3890622408854167 0.6122324365234375 0.38469578450520836
9 0.501767296875 0.7499221217447917 0.49203534326171877 0.76428833984375 0.4802179697265625 0.7749471471354167 0.466662748046875 0.8008990247395834 0.47187629443359375 0.8180458014322917 0.4875169360351562 0.8287046080729167 0.5024624365234375 0.8115578320312501 0.5052429946289062 0.8148018164062499 0.5045478549804687 0.8300948873697916 0.5045478549804687 0.8579004707031249 0.5126495439453125 0.8678385416666666 0.5384386323242187 0.8678385416666666 0.5438232421875 0.8458513847656249 0.5427805327148437 0.8185092278645834 0.543475671875 0.7967281875 0.5625920102539063 0.7763374264322916 0.5775375112304687 0.771703162109375 0.5810546875 0.7593397571614583 0.5810546875 0.7480982858072917 0.5792753603515625 0.74019016796875 0.5754520927734375 0.72257996484375 0.5691958369140625 0.7045063359375 0.5545979057617187 0.69292067578125 0.5420853930664062 0.6980183665364583 0.5257496127929687 0.7170188483072916 0.50976140234375 0.729994787109375 0.501767296875 0.7499221217447917
9 0.10871096484375 0.6573133470052083 0.10871096484375 0.6753869759114584 0.11392451123046875 0.6814115188802083 0.1170526396484375 0.6925337526041666 0.12404276806640625 0.7102864583333334 0.13772690185546874 0.7102864583333334 0.1435546875 0.70498847265625 0.1435546875 0.6846779973958333 0.14068738623046875 0.6716795651041667 0.141730095703125 0.6624110364583333 0.13894953662109374 0.6536059348958333 0.13338842041015625 0.64619111328125 0.12713216357421875 0.647581392578125 0.12469917529296876 0.6591670514322917 0.11427208154296875 0.6577767734375001 0.10871096484375 0.6573133470052083
1 0.28870292822265625 0.6754795696614583 0.2921786259765625 0.6722355852864584 0.29541015625 0.6668497024739583 0.29541015625 0.65223441796875 0.29252619580078126 0.644893427734375 0.2845320908203125 0.644893427734375 0.27480013671875 0.65230825 0.26680603076171877 0.6592596458333333 0.26680603076171877 0.6731624374999999 0.2749392900390625 0.6790364583333334 0.28069992822265627 0.6790364583333334 0.28870292822265625 0.6754795696614583
9 0.24786988623046874 0.73427912890625 0.25621156103515624 0.7486453470052084 0.2703973330078125 0.7526041666666666 0.271700357421875 0.7526041666666666 0.285407423828125 0.7472550677083333 0.290620970703125 0.7352059811197917 0.2919921875 0.7205796705729166 0.2919921875 0.7202937330729168 0.287840412109375 0.7023027076822917 0.282626865234375 0.6893267688802083 0.27706574853515625 0.682375373046875 0.25829697998046874 0.69581473828125 0.254126142578125 0.6948878854166667 0.24230876953125 0.7050832662760417 0.24335147900390625 0.7189860579427084 0.24786988623046874 0.73427912890625
8 0.2529296875 0.6917722584635416 0.2499515712890625 0.6803009967447916 0.24786615234375 0.6659347786458333 0.24717101318359375 0.6608370885416667 0.2409153486328125 0.658203125 0.24046823583984375 0.658203125 0.23431093115234375 0.6673250579427084 0.2280546748046875 0.6747398802083334 0.23153037255859374 0.6937403619791667 0.2359084228515625 0.7018229166666666 0.23974124560546875 0.7018229166666666 0.24925643212890625 0.7011551842447917 0.2529296875 0.6926955657552084 0.2529296875 0.6917722584635416
1 0.31362110205078125 0.32737166145833335 0.32132893115234373 0.3294270833333333 0.321987203125 0.3294270833333333 0.32718264306640626 0.3258128645833333 0.326013544921875 0.31614831640625 0.3267150034179688 0.30960136653645837 0.32861328125 0.30545967122395834 0.32861328125 0.29952723046875 0.32694882373046874 0.2937016276041667 0.3213371513671875 0.29183106966145833 0.31525783935546875 0.2955721848958333 0.31245200341796875 0.2983780221354167 0.30941234765625 0.30305441471354166 0.310113806640625 0.31178368294270836 0.31315346240234376 0.31427775911458333 0.31362110205078125 0.32737166145833335
7 0.3675451044921875 0.31640625 0.38265010400390626 0.31640625 0.38367690185546877 0.3163573548177083 0.3857421875 0.31442975520833333 0.3857421875 0.31144592578125 0.3850798203125 0.3048222506510417 0.3857421875 0.3018195182291667 0.3857421875 0.2919963489583333 0.38484600048828127 0.2886107532552083 0.3834430830078125 0.28486963867187504 0.3761946728515625 0.28486963867187504 0.3680109833984375 0.2892342721354167 0.3635684096679688 0.29609298307291665 0.367075705078125 0.3026399342447917 0.36614042626953125 0.312928 0.3675451044921875 0.31640625
1 0.41348352197265625 0.291664779296875 0.41348352197265625 0.3025763645833333 0.4182288271484375 0.3040364583333333 0.42048637646484377 0.3040364583333333 0.423771587890625 0.3025763645833333 0.4240054072265625 0.294782375 0.42564214501953124 0.29041774088541666 0.42578125 0.28949037434895836 0.42578125 0.28084620247395836 0.4249406860351562 0.27732383919270837 0.42143339111328126 0.2717121666666667 0.4204981123046875 0.269841609375 0.41745845654296876 0.269841609375 0.4120806040039062 0.27389448372395836 0.4099762265625 0.27888263671874997 0.4118467841796875 0.28605310677083334 0.41348352197265625 0.291664779296875