1 0.07706106005859376 0.3979037088197146 0.07954690087890624 0.3935456530479896 0.077856529296875 0.3854898527885862 0.0755695556640625 0.382848607003891 0.0748735205078125 0.38152798378728925 0.0758678564453125 0.3780943638132296 0.0723876796875 0.3725477477302205 0.07029957373046875 0.37017062645914395 0.06731656494140625 0.3706988754863813 0.066719962890625 0.3722836232166018 0.065924494140625 0.3767737412451362 0.06761486572265625 0.3883952237354086 0.07039900732421875 0.3985640207522698 0.07706106005859376 0.3979037088197146
9 0.10599624560546875 0.31523270946822307 0.10649341357421875 0.31193115175097275 0.1049024755859375 0.3062524727626459 0.1047036083984375 0.3040074137483787 0.10669228076171874 0.3034791647211414 0.1051013427734375 0.29846079766536965 0.10390813916015625 0.2972722367055772 0.101820033203125 0.3018944169909209 0.0997319267578125 0.3024226666666667 0.10112399755859375 0.307308971465629 0.101820033203125 0.31351589948119324 0.102118333984375 0.31681745719844356 0.10599624560546875 0.31523270946822307
9 0.13055635107421876 0.3458711627756161 0.13125238623046875 0.34309785473411153 0.12797107666015625 0.34138104474708175 0.12767277587890624 0.33794742477302203 0.1295620146484375 0.3359664902723736 0.1287665458984375 0.32909925097276266 0.126479572265625 0.3279106900129702 0.126181271484375 0.33292905771725034 0.1228999619140625 0.3355703035019455 0.12150789111328125 0.32843893968871596 0.12190562548828125 0.33609855252918286 0.1230988291015625 0.34349404150453955 0.125882970703125 0.3461352872892348 0.13055635107421876 0.3458711627756161
7 0.13741727099609374 0.3108746536964981 0.1416929169921875 0.31193115175097275 0.14646573095703125 0.3091578437094682 0.14596856298828126 0.30374328923476007 0.1470623330078125 0.2979325479896239 0.14636629736328124 0.2915935577172503 0.14338328857421875 0.28882024967574577 0.14228951904296874 0.2921218067444877 0.14020141259765626 0.2931783054474708 0.137516705078125 0.2898767477302205 0.13423539501953125 0.2938386167315175 0.13403652783203124 0.2970081121919585 0.1355280322265625 0.3030829779507134 0.13741727099609374 0.3108746536964981
7 0.16694905810546876 0.3254015064850843 0.16943489892578126 0.32962749999999996 0.17629581884765624 0.3276465654993515 0.17530148291015624 0.31391208625162126 0.17221904052734374 0.31047846692607 0.16933546533203125 0.31483652269779505 0.16714792529296876 0.3136479617380026 0.1657558544921875 0.3178739552529183 0.1646620849609375 0.31866632944228274 0.16694905810546876 0.3254015064850843
7 0.14815610302734375 0.401601453307393 0.15153684619140625 0.4108458145265888 0.15133797900390625 0.4080725064850843 0.15103967822265624 0.4005449552529183 0.1477583681640625 0.38707460051880677 0.14427819140625 0.38469747924773023 0.1417923505859375 0.38879141050583654 0.13940594384765626 0.38931965953307396 0.1411957490234375 0.3924891549935149 0.14268725341796876 0.40001670557717245 0.14815610302734375 0.401601453307393
7 0.13741727099609374 0.44069189429312583 0.14020141259765626 0.44069189429312583 0.1406985810546875 0.4336925920881971 0.1467640322265625 0.43171165758754865 0.15233231494140625 0.42748566407263294 0.15461928857421875 0.4231276083009079 0.15203401416015624 0.4138832470817121 0.149747041015625 0.4084686932555123 0.1476589345703125 0.40239382749675745 0.14278668701171876 0.4022617652399481 0.13672123583984375 0.40728013229571985 0.13334049267578124 0.41269468677042803 0.13403652783203124 0.4241841070038911 0.13642293505859374 0.4363338385214008 0.13741727099609374 0.44069189429312583
9 0.12001638671875 0.44359726459143967 0.1235959970703125 0.44055983203631643 0.12160732470703126 0.4257688540856031 0.1179282802734375 0.41758099156939044 0.114348669921875 0.41150612581063556 0.1118628291015625 0.4107137522697795 0.1106696259765625 0.41335499805447473 0.1110673603515625 0.4233917328145266 0.114348669921875 0.439767457846952 0.11564130712890625 0.44465376329442285 0.12001638671875 0.44359726459143967
9 0.10997359033203125 0.4562752457846952 0.113453767578125 0.45667143255512327 0.1172322451171875 0.4520492522697795 0.114249236328125 0.442540766536965 0.10967528955078125 0.4302589727626459 0.10629454638671874 0.4222031725032425 0.10132286474609375 0.42075048702983137 0.0992347587890625 0.423523795071336 0.09993079443359375 0.4329002185473411 0.101720599609375 0.44082395654993517 0.1047036083984375 0.44716294682230867 0.10997359033203125 0.4562752457846952
9 0.2850762060546875 0.35445521271076524 0.28925241845703126 0.35181396627756156 0.2889541171875 0.34243754345006483 0.28716431201171877 0.32817481452658886 0.2848773388671875 0.31998695201037614 0.282192630859375 0.3166853949416342 0.28119829443359373 0.32064726394293125 0.2789113212890625 0.32513738197146563 0.27702208203125 0.32553356874189365 0.277121515625 0.33451380544747084 0.277121515625 0.3427016679636835 0.2788118876953125 0.35353077626459145 0.2850762060546875 0.35445521271076524
9 0.23874013623046875 0.340324546692607 0.2438112509765625 0.337551238002594 0.2428169150390625 0.3242129455252918 0.24152427783203126 0.3149685849546044 0.2366520302734375 0.3079692827496758 0.23525995947265624 0.31232733916990923 0.23307241943359375 0.3137800239948119 0.2318792158203125 0.31417621076523994 0.23227695068359375 0.32289232295719844 0.23287355224609374 0.33279699546044095 0.234862224609375 0.3401924837872892 0.23874013623046875 0.340324546692607
5 0.37088742529296875 0.22278909987029832 0.36840158447265625 0.21829898119325553 0.36551800927734374 0.21816691893644616 0.3638276376953125 0.22054404085603113 0.3639270712890625 0.22714715564202337 0.36521970849609375 0.23058077561608303 0.37118572607421874 0.23176933592736704 0.37088742529296875 0.22278909987029832
7 0.3875922744140625 0.23678770363164722 0.3880894423828125 0.23176933592736704 0.390078115234375 0.2295242769130999 0.3869956728515625 0.22437384695201038 0.38361492919921875 0.22424178469520104 0.37993588525390626 0.22688303112840466 0.3816262568359375 0.23229758495460442 0.3815268232421875 0.23758007717250323 0.38530530078125 0.23784420168612191 0.3875922744140625 0.23678770363164722
9 0.39445319482421876 0.22556240791180285 0.39206678759765623 0.2172424831387808 0.39445319482421876 0.216318046692607 0.3939560263671875 0.20931874513618676 0.390973017578125 0.2068095616083009 0.3875922744140625 0.20614924967574577 0.38679680517578124 0.20813018417639428 0.38679680517578124 0.21512948638132295 0.3870951064453125 0.22199672568093387 0.38928264599609375 0.2254303456549935 0.39445319482421876 0.22556240791180285
7 0.41593085791015627 0.23097696238651103 0.4186155659179687 0.22873190337224383 0.4171240615234375 0.22212878793774318 0.4195104682617187 0.219487542153048 0.4168257602539063 0.21473329961089493 0.4129478491210937 0.21446917444876784 0.40986540673828126 0.2168462963683528 0.41016370751953124 0.22186466342412453 0.4111580439453125 0.22807159143968872 0.41056144189453125 0.2312410869001297 0.41593085791015627 0.23097696238651103
7 0.44068983056640626 0.23005252594033723 0.4420819013671875 0.23956101167315175 0.44347397216796874 0.2396930739299611 0.4473518837890625 0.23414645719844357 0.4474513173828125 0.23256171011673152 0.450235458984375 0.23256171011673152 0.44983772412109374 0.23612739169909208 0.44546264453125 0.24154194617380026 0.45162752978515625 0.23995719844357977 0.450732626953125 0.2284677782101167 0.4492411225585938 0.22358147341115434 0.4473518837890625 0.22239291245136186 0.4435734057617188 0.22226085019455252 0.44068983056640626 0.223449411154345 0.438900025390625 0.2299204636835279 0.44068983056640626 0.23005252594033723
9 0.47330406005859377 0.23084490012970169 0.4735029272460938 0.2276754046692607 0.4716136884765625 0.22516622114137486 0.47330406005859377 0.22371353566796368 0.4721108564453125 0.21763866990920883 0.4712159541015625 0.21605392217898833 0.4660454052734375 0.21473329961089493 0.46425560009765626 0.21565773540856029 0.46445446728515627 0.22133641439688714 0.4651505029296875 0.23137314915693905 0.4703210512695313 0.2312410869001297 0.47330406005859377 0.23084490012970169
9 0.48463949365234377 0.24959774643320365 0.48881570556640624 0.24735268741893646 0.487423634765625 0.23890070038910508 0.4905060771484375 0.23678770363164722 0.48772193603515623 0.23203346044098572 0.48454006005859374 0.23005252594033723 0.4832474228515625 0.23665564137483788 0.48135818359375 0.23322202140077822 0.4793695112304687 0.2303166504539559 0.47867347607421873 0.23718389040207521 0.47976724560546874 0.2432587561608301 0.48016498046875 0.24814506095979247 0.48463949365234377 0.24959774643320365
9 0.49448342236328124 0.26108716666666665 0.5008471743164062 0.2625398521400778 0.5062165903320313 0.26108716666666665 0.5034324487304688 0.2502580577172503 0.5080063955078125 0.24893743514915692 0.5053216875 0.23810832619974062 0.5010460415039063 0.23625945395590142 0.4952788916015625 0.23586326718547343 0.4930913515625 0.23863657587548637 0.49299191796875 0.24563587743190662 0.49408568798828123 0.24933362191958494 0.49448342236328124 0.26108716666666665
7 0.571246181640625 0.24986187094682233 0.5758201284179687 0.2492015596627756 0.5746269248046875 0.23916482490272375 0.5751240932617188 0.23731595265888455 0.57681446484375 0.23850451361867703 0.5780076684570312 0.23758007717250323 0.5769138984375 0.23150521141374839 0.5744280576171875 0.2283357159533074 0.570749013671875 0.2260906569390402 0.5674677041015626 0.2254303456549935 0.56418639453125 0.22793952918287938 0.5646835625 0.24405112970168613 0.5648824296875 0.24814506095979247 0.571246181640625 0.24986187094682233
9 0.5963034555664063 0.23678770363164722 0.6029655083007812 0.23507089364461736 0.6027666411132813 0.23256171011673152 0.6037609775390625 0.22424178469520104 0.60147400390625 0.2208081653696498 0.5985904287109375 0.2212043521400778 0.595110251953125 0.22358147341115434 0.5934198803710937 0.23176933592736704 0.5966017563476562 0.23375027042801558 0.5976955263671875 0.23282583463035017 0.5963034555664063 0.23678770363164722
8 0.6199686586914063 0.252899304150454 0.6211618618164062 0.2587100453955901 0.6285199501953125 0.2634642879377432 0.630508623046875 0.264784911154345 0.630906357421875 0.261615415693904 0.6298125874023438 0.2583138579766537 0.630409189453125 0.25435198897535666 0.6321989946289063 0.2542199267185474 0.6333921982421875 0.2562008612191959 0.6354803041992187 0.2519748677042802 0.630309755859375 0.2452396906614786 0.62434373828125 0.2444473171206226 0.6211618618164062 0.24484350389105058 0.6151958442382812 0.2507863073929961 0.6175822514648438 0.2535596154345006 0.6199686586914063 0.252899304150454
7 0.6144003754882813 0.3874707872892348 0.6170850834960937 0.38892347276264594 0.6165879150390625 0.39301740402075225 0.6323978618164062 0.3856219150453956 0.630906357421875 0.38099973476005183 0.631701826171875 0.3742645577172503 0.6359774721679687 0.37307599675745784 0.6345854013671876 0.3596056420233463 0.630309755859375 0.3536628385214008 0.6236477026367188 0.35273840272373536 0.6202669594726562 0.35273840272373536 0.6166873486328125 0.3551155239948119 0.61310773828125 0.3636995732814527 0.6165879150390625 0.3672652555123217 0.6144003754882813 0.3874707872892348
9 0.50542112109375 0.4792540856031129 0.5078075283203125 0.4932526893644617 0.5075092275390625 0.49562981063553824 0.5053216875 0.49549774837872895 0.5062165903320313 0.5031573618677043 0.510889970703125 0.5088360408560312 0.5171542890625 0.510552850843061 0.5238163422851563 0.5072512931258106 0.52948405859375 0.4982710570687419 0.5305778286132813 0.4907435058365759 0.52858915625 0.48572513813229573 0.5274953862304688 0.4705379740596628 0.5247112446289063 0.45957680285343705 0.5194412626953125 0.45706761932555123 0.5184469262695313 0.45931267833981837 0.5134752451171875 0.4608974260700389 0.5091995991210938 0.4624821738002594 0.5080063955078125 0.46459517055771726 0.504923953125 0.46485929507133594 0.498759068359375 0.47516015434500647 0.499156802734375 0.480706771076524 0.5024381123046875 0.4824235810635538 0.50542112109375 0.4792540856031129
2 0.4816564848632813 0.5763198761348898 0.486031564453125 0.5732824429312581 0.48762250244140626 0.568528200389105 0.48811967041015625 0.5619250856031128 0.487523068359375 0.55743496692607 0.48493779443359375 0.5567746556420233 0.4816564848632813 0.5575670291828794 0.47976724560546874 0.5625853968871595 0.4783751748046875 0.5672075771725033 0.47877290966796876 0.5740748171206226 0.4816564848632813 0.5763198761348898
2 0.45202526416015626 0.6010155259403372 0.4580907153320313 0.5971857191958495 0.463360697265625 0.5937520998702983 0.46176975927734376 0.5850359876783399 0.4600793876953125 0.5808099941634242 0.4543122373046875 0.5800176206225681 0.44973829052734376 0.582922990920882 0.4484456533203125 0.5919032276264592 0.4481473525390625 0.59877046692607 0.45202526416015626 0.6010155259403372
2 0.44088869775390627 0.6069583294422828 0.43223797265625 0.610259887159533 0.4235872470703125 0.6037888346303502 0.4175217958984375 0.5952047846952011 0.4110586103515625 0.6024682114137484 0.4127489819335938 0.6105240116731517 0.41563255712890623 0.6136935071335927 0.41941103466796875 0.6113163852140078 0.42080310546875 0.6276921108949417 0.4474513173828125 0.6059018313878081 0.44665584814453124 0.5974498437094682 0.44556207861328123 0.583979489623865 0.439397193359375 0.5823947418936446 0.44297680419921875 0.5975819059662776 0.4428773706054687 0.603128522697795 0.44088869775390627 0.6069583294422828
9 0.25216367578125 0.7448313702983138 0.257831392578125 0.7509062360570687 0.2664821176757812 0.753811607003891 0.2730447373046875 0.7638483417639429 0.27543114404296876 0.7689987710765239 0.2735419052734375 0.7820729390402076 0.27791698486328126 0.7929020473411155 0.2877609140625 0.7980524773022049 0.3101334794921875 0.718947159533074 0.306852169921875 0.7073256770428016 0.29929521435546874 0.6971568800259403 0.2735419052734375 0.6983454409857329 0.2618087373046875 0.7079859889753567 0.2608144013671875 0.7152494150453956 0.25733422412109375 0.7219845927367056 0.25097047216796875 0.7322854520103761 0.25216367578125 0.7448313702983138
7 0.8186370434570313 0.4067518832684825 0.8209240166015624 0.41929780155642027 0.8335520874023438 0.42629710376134894 0.847771095703125 0.4265612282749676 0.858907662109375 0.4215428605706874 0.8619901044921875 0.409129004539559 0.8602002993164063 0.39816783398184175 0.859703130859375 0.39235709273670555 0.8699447944335937 0.39196090531776917 0.8686521572265625 0.3816600460440986 0.86547028125 0.36449194747081715 0.8578138920898437 0.3552475862516213 0.8465778920898438 0.35128571725032426 0.84170564453125 0.3510215927367056 0.8339498217773438 0.3581529565499351 0.8266911669921875 0.37017062645914395 0.8212223178710938 0.3836409805447471 0.8186370434570313 0.4067518832684825
9 0.835839060546875 0.34864447146562905 0.8387226357421875 0.3461352872892348 0.84110904296875 0.3458711627756161 0.84170564453125 0.3397962970168612 0.8447880869140625 0.33108018547341117 0.8496603349609375 0.32619388002594035 0.8551291840820312 0.3250053197146563 0.859901998046875 0.3298916245136187 0.8623878388671875 0.33543824124513616 0.8643765112304688 0.3478520972762646 0.8639787768554688 0.35973770428015567 0.8667629184570312 0.3664728819714656 0.8700442280273437 0.3683217542153048 0.870839697265625 0.3596056420233463 0.871137998046875 0.3382115492866407 0.8699447944335937 0.32328850972762646 0.865072546875 0.31430827367055775 0.8613935024414062 0.31417621076523994 0.8550297504882812 0.3189304539559014 0.8524444760742188 0.31972282749675746 0.847273927734375 0.31932664072632944 0.8445892197265625 0.3140441485084306 0.8449869541015625 0.3059883482490272 0.8438931845703125 0.3012341057068742 0.8388220693359375 0.3028188534370947 0.8335520874023438 0.3129876504539559 0.829773609375 0.3273824409857328 0.8262934326171875 0.3401924837872892 0.823907025390625 0.3511536549935149 0.8258956982421874 0.3504933437094682 0.83007191015625 0.3543231504539559 0.8321600166015625 0.35537964850843057 0.8332537866210937 0.35128571725032426 0.835839060546875 0.34864447146562905
2 0.907729572265625 0.3380794870298314 0.9037522275390625 0.34058867120622566 0.9054425991210937 0.3461352872892348 0.9086244750976562 0.3444184779507134 0.9118063510742187 0.34639941245136185 0.913198421875 0.3514177795071336 0.9153859614257812 0.3543231504539559 0.919363306640625 0.3569643962386511 0.9234400854492187 0.3588132684824903 0.919462740234375 0.3621148255512322 0.9176729350585937 0.36528432101167313 0.9246332885742188 0.37201949805447465 0.9264230942382813 0.37664167898832684 0.9263236606445312 0.382848607003891 0.9265225278320313 0.3897158463035019 0.931394775390625 0.38786697405966275 0.9360681557617188 0.38073561024643315 0.93755966015625 0.3725477477302205 0.93795739453125 0.3611903897535668 0.937261359375 0.3458711627756161 0.9343777841796875 0.3346458677042801 0.930798173828125 0.3276465654993515 0.9278151650390625 0.3273824409857328 0.9232412182617188 0.3250053197146563 0.9210536782226563 0.32289232295719844 0.918965572265625 0.32843893968871596 0.9146899262695313 0.32817481452658886 0.9110108818359375 0.32777862775616085 0.907729572265625 0.3380794870298314
2 0.799645220703125 0.2716521504539559 0.80501463671875 0.27336896044098574 0.8091908491210937 0.2761422684824903 0.799744654296875 0.29238593190661477 0.810582919921875 0.29780048573281453 0.8184381762695313 0.3000455447470817 0.8210234501953125 0.29978142023346305 0.8217194858398438 0.2864431284046693 0.8223160874023437 0.27072771465629053 0.8216200522460938 0.26108716666666665 0.8187364770507812 0.2526351796368353 0.8122732915039063 0.24563587743190662 0.8095885834960937 0.24457937937743193 0.80541237109375 0.24735268741893646 0.8014350258789062 0.2563329234760052 0.8001423891601562 0.2665017211413748 0.799645220703125 0.2716521504539559