1 0.08690298046875 0.3988797250324254 0.087812279296875 0.3907710110246433 0.085603982421875 0.38300734824902727 0.087812279296875 0.3797293573281453 0.0844348837890625 0.3719656952010376 0.079368791015625 0.3697228592736706 0.07521199658203125 0.37213822114137485 0.07495219677734374 0.3812820901426719 0.07677079443359375 0.3940490019455253 0.07962859033203125 0.401812664072633 0.08690298046875 0.3988797250324254
9 0.1049590556640625 0.4383881407263294 0.1078168515625 0.4382156147859922 0.10924574951171875 0.44804958754863816 0.11132414697265625 0.45719345654993515 0.1161304404296875 0.452362733463035 0.11703973876953125 0.44753200972762647 0.113142744140625 0.43735298573281456 0.10742715234375 0.42562122892347604 0.10378995703125 0.4207905058365759 0.100282662109375 0.4211355577172503 0.09885376416015625 0.42355091893644614 0.100672361328125 0.4345925726329442 0.102490958984375 0.44252876070038916 0.106517853515625 0.44822211348897534 0.1049590556640625 0.4383881407263294
9 0.1156108408203125 0.4318321588845655 0.116779939453125 0.443563915693904 0.12262543115234376 0.4416661316472114 0.12444402880859375 0.4368354085603113 0.12249553125 0.4313145817120623 0.1187284365234375 0.4276915389105059 0.1196377353515625 0.421998186770428 0.1187284365234375 0.4145795758754864 0.11548094091796875 0.409921378080415 0.11197364599609375 0.4138894727626459 0.111454046875 0.4263113326848249 0.111454046875 0.4285541679636835 0.11379224365234375 0.4273464876783398 0.1156108408203125 0.4318321588845655
7 0.12132643310546876 0.42061797989623867 0.11989753515625 0.42786406485084305 0.12535332763671875 0.4321772107652399 0.12821112353515626 0.43442004669260703 0.12886062255859376 0.4416661316472114 0.137693810546875 0.43631783073929964 0.1414609052734375 0.43045195265888453 0.13938250830078125 0.4240684967574579 0.14068150634765625 0.41992787678339816 0.145228 0.41595978274967577 0.14652699853515624 0.41181916277561614 0.13899280859375 0.4059532840466926 0.13197821826171874 0.4044005518806744 0.12483372802734374 0.41078400778210117 0.12132643310546876 0.42061797989623867
7 0.147955896484375 0.4138894727626459 0.1410712060546875 0.4225157639429313 0.14743629736328126 0.4192377730220493 0.1495146943359375 0.41595978274967577 0.1482156962890625 0.4090587490272374 0.14756619677734376 0.40457307782101165 0.14925489453125 0.40250276783398187 0.148345595703125 0.3978445700389105 0.146137298828125 0.3926687950713359 0.14120110546875 0.39353142412451364 0.137693810546875 0.3959467859922179 0.1348360146484375 0.4016401381322957 0.14068150634765625 0.40509065499351493 0.14652699853515624 0.409921378080415 0.147955896484375 0.4138894727626459
9 0.12886062255859376 0.3350451673151751 0.12886062255859376 0.34142862256809337 0.13405661572265626 0.3357352704280156 0.1348360146484375 0.3322847535667964 0.13236791796875 0.3240035136186771 0.12782142431640625 0.31727500648508433 0.12509352783203126 0.321415626459144 0.1249636279296875 0.3291792885862516 0.1283410234375 0.3281441335927367 0.12886062255859376 0.3350451673151751
7 0.137693810546875 0.32676392671854737 0.14314960302734375 0.32693645265888455 0.14483830078125 0.32521119455252917 0.14405890185546874 0.31710248054474705 0.141720705078125 0.30606082684824903 0.13912270849609376 0.3045080946822309 0.137693810546875 0.30606082684824903 0.13405661572265626 0.31313438651102465 0.13353701611328125 0.31796510959792473 0.137693810546875 0.3208980486381323 0.137693810546875 0.32676392671854737
7 0.15276218994140625 0.2979521128404669 0.1513332919921875 0.29260381193255514 0.152372490234375 0.29208623476005185 0.1539312880859375 0.2979521128404669 0.1557498857421875 0.3020927328145266 0.15899738134765626 0.3022652587548638 0.1628943759765625 0.2998498968871595 0.16250467626953125 0.29277633787289237 0.16185517724609375 0.2858753047989624 0.16406347412109376 0.2869104597924773 0.16458307373046874 0.2931213897535668 0.1664016708984375 0.2894983469520104 0.16653157080078124 0.284495097924773 0.16458307373046874 0.2817346848249027 0.15912728125 0.2800094260700389 0.1557498857421875 0.28138963294422825 0.1535415888671875 0.28466762386511024 0.15094359228515625 0.2848401498054475 0.1488651953125 0.29001592477302207 0.14938479443359376 0.29691695784695205 0.15094359228515625 0.2993323197146563 0.15276218994140625 0.2979521128404669
9 0.183548447265625 0.3050256718547341 0.18458764599609376 0.293293915693904 0.18666604296875 0.29260381193255514 0.18666604296875 0.2984696906614786 0.18458764599609376 0.305715775616083 0.18926403955078125 0.30330041374837874 0.188484640625 0.2931213897535668 0.18705574267578126 0.2825973138780804 0.18484744580078125 0.27931932295719847 0.18147005029296875 0.28276983981841763 0.1803009521484375 0.2919137088197147 0.1803009521484375 0.300194948767834 0.18108035107421874 0.3065784046692607 0.183548447265625 0.3050256718547341
9 0.2555129482421875 0.33521769260700385 0.260189341796875 0.33021444357976654 0.25811094482421876 0.318482686770428 0.256682046875 0.3091662918287938 0.25486344921875 0.3055432496757458 0.25096645458984373 0.3067509306095979 0.24745915966796875 0.31313438651102465 0.247718958984375 0.3246936167315175 0.249537556640625 0.3343550635538262 0.2555129482421875 0.33521769260700385
9 0.2717504262695313 0.3514351212710765 0.27149062646484373 0.334182537613489 0.2735690234375 0.33487264137483785 0.27486802197265625 0.3472945012970169 0.2755175209960937 0.35074501750972764 0.2778557177734375 0.348847233463035 0.27590722021484376 0.33556274448767837 0.27395872314453124 0.3245210914396887 0.26954212890625 0.3198628936446174 0.26564513427734376 0.32486614267185476 0.26499563525390624 0.33728800259403374 0.266424533203125 0.3517801725032425 0.2717504262695313 0.3514351212710765
9 0.29396329541015626 0.3219332036316472 0.29292409716796874 0.3136519636835279 0.29201479833984373 0.31037397276264594 0.29045600048828124 0.31037397276264594 0.2881178037109375 0.32331341050583656 0.2866889052734375 0.31969036770428017 0.283831109375 0.32331341050583656 0.28435070849609373 0.334182537613489 0.29201479833984373 0.33608032230869 0.29240449755859377 0.3236584617380026 0.29396329541015626 0.3219332036316472
9 0.30513468017578127 0.3378055804150454 0.303445982421875 0.32848918547341116 0.302146984375 0.3231408845654994 0.30435528125 0.3219332036316472 0.30396558154296877 0.3136519636835279 0.3009778857421875 0.31123660181582363 0.29915928857421875 0.3176200577172503 0.2999386875 0.32555624643320363 0.2973406909179688 0.32572877172503245 0.2947426943359375 0.3164123767833982 0.2956519931640625 0.32745403047989624 0.297210791015625 0.33884073540856036 0.3027964833984375 0.33953083852140076 0.30513468017578127 0.3378055804150454
1 0.33916843310546874 0.37869420233463036 0.34163652978515624 0.38611281322957197 0.34358502734375 0.3966368891050584 0.34878102001953126 0.39749951815823603 0.35501621142578127 0.3945665791180285 0.3574843081054688 0.38818312321660187 0.35839360693359373 0.37213822114137485 0.35566571044921874 0.36144161932555124 0.3486511201171875 0.3566108962386511 0.343065427734375 0.35781857717250326 0.3367003369140625 0.36144161932555124 0.333712640625 0.3685151783398184 0.3331930415039063 0.37817662516212713 0.33916843310546874 0.37869420233463036
1 0.43633349951171874 0.31227175680933855 0.4377623974609375 0.3198628936446174 0.4351644013671875 0.33176717639429315 0.443867689453125 0.333837486381323 0.450102880859375 0.3319397016861219 0.450102880859375 0.3215881517509728 0.4493234819335937 0.3146871186770428 0.45153177880859374 0.3110640765239948 0.4519214780273437 0.3045080946822309 0.448284283203125 0.2982971647211414 0.4456862866210938 0.29691695784695205 0.44282849072265623 0.2995048456549935 0.438022197265625 0.30088505188067444 0.4326963046875 0.3058883015564202 0.4311375068359375 0.31209923151750973 0.43373550341796874 0.31434206679636834 0.43633349951171874 0.31227175680933855
7 0.3916479609375 0.23653291634241247 0.3906087626953125 0.22618136640726327 0.3932067587890625 0.22566378923476005 0.39346655859375 0.22204074643320362 0.38904996484375 0.2218682204928664 0.38359417236328125 0.22221327237354085 0.3834642724609375 0.22756157328145266 0.38580246923828126 0.23290987418936446 0.3847632705078125 0.23808564915693903 0.3916479609375 0.23653291634241247
5 0.36527829736328127 0.2216956952010376 0.36852579296875 0.22204074643320362 0.36644739599609377 0.22842420233463034 0.3715134887695313 0.22980440920881973 0.37177328857421876 0.22117811738002593 0.36995469091796873 0.21600234241245134 0.36709689501953124 0.21600234241245134 0.36527829736328127 0.2180726523994812 0.36397929931640627 0.21582981647211413 0.36216070166015624 0.21928033333333333 0.36307000048828125 0.2225583242542153 0.3637194995117187 0.22635389234760053 0.36527829736328127 0.2216956952010376
7 0.43633349951171874 0.21065404150453956 0.4378922973632812 0.20979141245136187 0.4377623974609375 0.20582331841763943 0.4354242006835938 0.20737605058365757 0.4306179072265625 0.2091013093385214 0.42814981103515626 0.21048151556420233 0.4304880078125 0.2196253852140078 0.4306179072265625 0.22238579831387809 0.43698299853515626 0.22221327237354085 0.43633349951171874 0.21065404150453956
7 0.452700876953125 0.2406735363164721 0.4507523798828125 0.22721652140077822 0.45309057666015623 0.22721652140077822 0.4532204765625 0.22238579831387809 0.44750488427734375 0.2225583242542153 0.442438791015625 0.22204074643320362 0.440230494140625 0.22514621141374838 0.44217899169921876 0.23204724513618677 0.44217899169921876 0.2396383813229572 0.4467254853515625 0.24153616601815822 0.452700876953125 0.2406735363164721
9 0.473225048828125 0.22842420233463034 0.47231575 0.21859023022049284 0.4743941474609375 0.21790012645914397 0.4737446479492187 0.21410455836575876 0.468808455078125 0.2135869805447471 0.46465166064453123 0.21410455836575876 0.46387226171875 0.2182451783398184 0.4654310595703125 0.22324842736705577 0.465171259765625 0.22980440920881973 0.47088685205078123 0.22963188326848247 0.473225048828125 0.22842420233463034
9 0.47997983935546873 0.24550426005188067 0.4841366337890625 0.24705699221789884 0.48868312744140624 0.24584931128404672 0.48868312744140624 0.2339450291828794 0.49076152490234376 0.2334274513618677 0.490631625 0.22911430544747083 0.48660473046875 0.22859672827496758 0.4847861328125 0.22980440920881973 0.48491603271484374 0.23377250324254215 0.4814087377929688 0.23066703826199741 0.4801097392578125 0.22876925421530478 0.4797200400390625 0.23532523540856032 0.4806293388671875 0.2406735363164721 0.47997983935546873 0.24550426005188067
9 0.495957517578125 0.26120411089494167 0.5010236103515625 0.26154916212710766 0.5069990024414063 0.2610315849546044 0.5057000043945312 0.24998993125810634 0.50933719921875 0.24791962127107653 0.5057000043945312 0.23808564915693903 0.50128341015625 0.2363603904020752 0.49608741748046875 0.23549776134889752 0.49400902001953123 0.24291637224383916 0.4954379184570312 0.24860972503242543 0.495957517578125 0.25585580998702984 0.495957517578125 0.26120411089494167
9 0.5150527915039063 0.24188121725032427 0.514273392578125 0.22738904734111545 0.5158321904296875 0.22497368547341115 0.515572390625 0.22135064332036317 0.5119351958007813 0.22221327237354085 0.5089474995117188 0.22376600518806747 0.5045309057617188 0.22635389234760053 0.5055701044921875 0.23532523540856032 0.5090773994140625 0.24170869130998704 0.5150527915039063 0.24188121725032427
7 0.5787037036132813 0.2475745700389105 0.5764954067382813 0.2344626063553826 0.5790934033203124 0.23377250324254215 0.57974290234375 0.22894178015564204 0.5768851064453125 0.22859672827496758 0.5722087124023437 0.2279066251621271 0.5683117177734375 0.22825167639429314 0.5651941220703125 0.2279066251621271 0.566363220703125 0.23739554539559016 0.5674024194335937 0.24826467315175096 0.574806708984375 0.24947235408560312 0.5787037036132813 0.2475745700389105
9 0.6518373032226562 0.24791962127107653 0.651447603515625 0.2370504941634241 0.6540456000976562 0.23359997730220491 0.6535260009765625 0.22997693514915696 0.6500187055664063 0.23101209014267185 0.6476805087890625 0.23601533916990922 0.6456021118164063 0.23722302010376134 0.6446928129882813 0.23101209014267185 0.643393814453125 0.22894178015564204 0.63988651953125 0.2279066251621271 0.63988651953125 0.23101209014267185 0.64209481640625 0.2363603904020752 0.6417051171875 0.24722951815823604 0.6518373032226562 0.24791962127107653
9 0.5098567983398438 0.5004974403372244 0.5107660971679687 0.5087786802853438 0.5194693852539063 0.5098138352788586 0.5272633745117188 0.5029128022049286 0.5297314711914063 0.49066346822308693 0.5283025732421875 0.4828998054474708 0.5266138754882812 0.4682351095979248 0.5251849775390625 0.4604714474708171 0.5194693852539063 0.45719345654993515 0.5134939936523437 0.46150660246433206 0.5045309057617188 0.4646120674448768 0.499984412109375 0.4723757295719844 0.5053103046875 0.47617129831387806 0.5077784013671875 0.4851426413748379 0.5098567983398438 0.5004974403372244
9 0.4837469345703125 0.48755800324254217 0.48361703466796874 0.5027402762645914 0.4912811240234375 0.501360069390402 0.4925801220703125 0.5098138352788586 0.490112025390625 0.5136094040207523 0.48439643359375 0.5110215162127107 0.4851758325195312 0.517059920233463 0.4872542294921875 0.5205104370946823 0.49102132421875 0.5198203339818418 0.4956977177734375 0.5213730661478599 0.4993349130859375 0.5248235830090792 0.5058299038085937 0.5206829630350195 0.5079083012695312 0.5127467743190661 0.5094670991210938 0.5058457412451361 0.5081681005859375 0.4942865103761349 0.5063495034179688 0.48307233138780803 0.5038814067382813 0.4763438236057068 0.49855551416015625 0.47306583333333335 0.4942688198242188 0.47530866861219195 0.49102132421875 0.4759987723735408 0.4851758325195312 0.4816921245136187 0.4837469345703125 0.48755800324254217
2 0.4859552314453125 0.5719231348897535 0.488423328125 0.5669198858625162 0.49050172509765627 0.5596738009079119 0.48920272705078127 0.5546705518806745 0.48439643359375 0.5557057068741893 0.48244793603515623 0.5560507587548638 0.47855094140625 0.5695077736705577 0.4792004404296875 0.5767538586251622 0.4823180361328125 0.5767538586251622 0.4859552314453125 0.5719231348897535
2 0.458936068359375 0.5972844325551232 0.4621835639648437 0.5931438125810635 0.460754666015625 0.583309840466926 0.45620817236328126 0.5807219526588846 0.452700876953125 0.5808944785992218 0.448673982421875 0.5867603566796369 0.44906368212890624 0.5964218035019455 0.45088227978515627 0.6041854656290532 0.458936068359375 0.5972844325551232
2 0.4200960219726563 0.6102238702983138 0.41983622216796873 0.6179875324254216 0.421524919921875 0.6269588761348898 0.4476347841796875 0.6055656725032426 0.44750488427734375 0.5936613904020752 0.4458161865234375 0.5846900466926069 0.4417892919921875 0.5846900466926069 0.4439975888671875 0.5978020103761349 0.4404902939453125 0.6078085084306096 0.43087770703125 0.6105689215304799 0.4221744189453125 0.6055656725032426 0.4187970239257813 0.6048755693904021 0.41619902734375 0.5945240194552529 0.4111329340820313 0.5984921134889754 0.4128216318359375 0.6072909306095979 0.41632892724609377 0.6133293352788586 0.4200960219726563 0.6102238702983138
9 0.3900891630859375 0.7247810226977951 0.3930768588867187 0.7444489675745785 0.4061967412109375 0.7370303573281454 0.41295153173828125 0.7228832386511025 0.41412063037109376 0.6970043638132296 0.4111329340820313 0.6768188417639429 0.4071060400390625 0.6680200239948119 0.39398615771484374 0.6583585771725032 0.38541276953125 0.6643969811932555 0.38320447265625 0.6661222399481193 0.379697177734375 0.6818220907911803 0.38268487353515623 0.6930362697795072 0.3865818681640625 0.7083910687418937 0.3900891630859375 0.7247810226977951
9 0.2747381220703125 0.6725056958495461 0.2816228125 0.6790616770428015 0.2835713095703125 0.6838924007782101 0.29591179296875 0.681649564850843 0.2986396889648438 0.6752661089494164 0.30396558154296877 0.661464042153048 0.30617387890625 0.652320173151751 0.3037057822265625 0.6471443981841764 0.29708089111328123 0.6447290363164722 0.29110549951171877 0.646799346303502 0.28642910595703125 0.6392082101167315 0.28201251171875 0.6335148573281453 0.27019162841796873 0.6450740881971466 0.26720393212890625 0.6592212062256809 0.26707403271484376 0.6718155920881971 0.2747381220703125 0.6725056958495461
9 0.25811094482421876 0.7625641802853438 0.2648657353515625 0.7710179461738004 0.2717504262695313 0.7711904721141375 0.2743484223632813 0.769637739299611 0.2760371201171875 0.7748135142671855 0.2757773203125 0.7903408391699093 0.27772581787109374 0.7925836750972763 0.2835713095703125 0.7872353741893644 0.3242299541015625 0.7228832386511025 0.3152668662109375 0.710116326848249 0.3037057822265625 0.7066658106355382 0.29331379638671873 0.7087361206225682 0.290585900390625 0.7085635946822308 0.27759591796875 0.7204678774319067 0.2622677392578125 0.733579840466926 0.25655214697265627 0.7475544325551233 0.25811094482421876 0.7625641802853438
2 0.7994035 0.38973585603112837 0.8049891923828125 0.3885281750972763 0.806937689453125 0.4014676128404669 0.806547990234375 0.409576326848249 0.8071974892578125 0.42372344487678343 0.8110944838867188 0.4225157639429313 0.8184987739257813 0.3905984850843061 0.820836970703125 0.3795568320363165 0.8281113603515625 0.3809370382619974 0.8348661513671874 0.3940490019455253 0.8385033461914062 0.40647086186770426 0.8390229453125 0.39111606290531775 0.837723947265625 0.3788667282749676 0.841750841796875 0.37645136705577176 0.8382435463867187 0.3616141452658885 0.8299299580078126 0.34832965629053175 0.8200575717773437 0.3450516653696498 0.8130429814453125 0.34418903631647213 0.800702498046875 0.35212522438391697 0.7987540009765625 0.35574826718547337 0.7942075073242187 0.361269093385214 0.794467306640625 0.38007440920881974 0.7945972065429687 0.38766554604409853 0.7994035 0.38973585603112837
2 0.8941004697265625 0.3522977503242542 0.896048966796875 0.3566108962386511 0.9043625556640625 0.364547084306096 0.9057914536132813 0.3750711601815824 0.9104678471679688 0.36730749740596624 0.9117668452148437 0.35126259533073934 0.9085193500976563 0.3276265564202335 0.9055316538085938 0.3240035136186771 0.9029336577148438 0.31796510959792473 0.9013748598632813 0.3138244896238651 0.8976077646484375 0.3136519636835279 0.893840669921875 0.3164123767833982 0.8900735751953125 0.3286617114137484 0.8886446772460938 0.339703364461738 0.896048966796875 0.3445340875486381 0.8941004697265625 0.3522977503242542
9 0.8322681547851563 0.3376330544747082 0.8360352495117187 0.33452758949416345 0.8416209418945313 0.3450516653696498 0.842660140625 0.3514351212710765 0.8405817431640625 0.35557574124513613 0.8438292387695312 0.3624767743190661 0.8543511245117188 0.3569559474708171 0.8573388203125 0.35919878339818423 0.856429521484375 0.35022744033722436 0.8601966162109375 0.34246377756160834 0.8595471171875 0.33608032230869 0.8625348129882813 0.32831665953307393 0.8668215073242187 0.3298693916990921 0.865392609375 0.3164123767833982 0.8611059150390625 0.3119267055771725 0.8556501225585937 0.3157222736705577 0.852012927734375 0.3262463495460441 0.8494149311523438 0.31347943774319065 0.8453880366210937 0.31434206679636834 0.8433096396484375 0.3083036627756161 0.8379837470703125 0.3210705745784695 0.8368146484375 0.33021444357976654 0.8362950493164063 0.3160673255512322 0.8372043481445313 0.3029553618677043 0.8330475537109375 0.30864871465629057 0.829670158203125 0.3219332036316472 0.8282412602539062 0.32848918547341116 0.8322681547851563 0.3376330544747082