2 0.8163325874023437 0.34510242838541666 0.8163325874023437 0.35301632552083334 0.8216320717773438 0.363473974609375 0.8343508344726562 0.3696920364583333 0.8451617827148438 0.36997467578125004 0.8498253291015625 0.36093022200520836 0.8538529370117187 0.3730837063802083 0.859152421875 0.37251842838541666 0.8608482568359375 0.3640392526041667 0.8619081538085938 0.3544295208333333 0.8619081538085938 0.34058020182291665 0.8568206484375 0.3321010266927083 0.85300501953125 0.32560032552083334 0.8441018857421875 0.31966490299479167 0.8398622983398437 0.3145773977864583 0.8343508344726562 0.317121150390625 0.8292633291015625 0.3250350475260417 0.82269196875 0.3321010266927083 0.8163325874023437 0.34510242838541666
2 0.880774318359375 0.365735087890625 0.882258173828125 0.37732329427083333 0.87886650390625 0.39569483984375003 0.8778066069335938 0.40728304622395833 0.88416598828125 0.4177406953125 0.893705060546875 0.4250893138020833 0.90472798828125 0.426502509765625 0.91299518359375 0.4168927779947917 0.914902998046875 0.39880387109375 0.9108753901367187 0.37449690234375005 0.9112993486328125 0.3606475826822917 0.9074837202148438 0.3532989641927083 0.8998524624023437 0.3448197890625 0.887557658203125 0.3434065930989583 0.87886650390625 0.34736354166666666 0.8720831635742188 0.35527743880208335 0.875050875 0.36149550065104163 0.880774318359375 0.365735087890625
9 0.90769569921875 0.273029439453125 0.9157509155273438 0.2840523671875 0.922110296875 0.286030841796875 0.9280457197265625 0.27783430533854164 0.9310134311523437 0.2846176458333333 0.9361009360351562 0.27783430533854164 0.9367368740234375 0.26341970768229167 0.9380087504882813 0.24787455338541667 0.9337691630859375 0.23148148177083336 0.9305894721679687 0.22441550195312499 0.9242300908203125 0.225263419921875 0.921050400390625 0.22724189388020832 0.911511328125 0.222154388671875 0.9055759057617188 0.2280898111979167 0.9021842353515624 0.23628634765625 0.90472798828125 0.2560710891927083 0.90769569921875 0.273029439453125
2 0.88649776171875 0.254092615234375 0.8934930810546875 0.26737665625 0.8977326684570313 0.2687898522135417 0.9032441323242187 0.25748428515625 0.9017602768554688 0.23685162565104168 0.90472798828125 0.2292203678385417 0.9068477817382813 0.21650160546875 0.9026081943359375 0.22243702799479168 0.8987925654296876 0.21508840950520833 0.8945529780273438 0.20689187369791665 0.8932811015625 0.20915298697916665 0.8837420297851563 0.2142404921875 0.8782305659179688 0.22554605859375 0.88649776171875 0.23572106901041667 0.88649776171875 0.254092615234375
2 0.21409917236328124 0.31966490299479167 0.219186677734375 0.319382263671875 0.22491012060546875 0.31542531510416666 0.22491012060546875 0.30948989257812504 0.22702991455078125 0.30298919205729163 0.22363824462890625 0.298184326171875 0.21939865673828124 0.29846696484375 0.21791480126953125 0.30185863541666663 0.2155830283203125 0.297336408203125 0.21197937841796874 0.302706552734375 0.209223646484375 0.30977253190104165 0.21219135791015625 0.3165558723958333 0.21409917236328124 0.31966490299479167
2 0.19777676025390625 0.3360579752604167 0.20328822412109376 0.3332315833333333 0.206255935546875 0.32786143880208335 0.20350020361328125 0.31909962434895833 0.20116843017578126 0.31909962434895833 0.1950210283203125 0.31909962434895833 0.191841337890625 0.3236218515625 0.19078144091796875 0.3298399134114583 0.19417311083984376 0.3343621399739583 0.19777676025390625 0.3360579752604167
1 0.0803401845703125 0.38014968554687495 0.083943833984375 0.3826934381510417 0.08436779248046875 0.3858024694010416 0.085427689453125 0.3939990052083333 0.08881935986328125 0.3951295618489583 0.09496676171875 0.390042056640625 0.09793447314453126 0.38184552083333334 0.09433082373046875 0.37223578906250004 0.09539072021484375 0.3696920364583333 0.0911511328125 0.36460453125 0.0860636279296875 0.36375661393229164 0.0803401845703125 0.36686564453125 0.07673653515625 0.37251842838541666 0.07673653515625 0.37788857226562494 0.0803401845703125 0.38014968554687495
9 0.082459978515625 0.4457219733072917 0.08479175146484375 0.45052683919270836 0.0913631123046875 0.44883100455729164 0.0932709267578125 0.4400691901041667 0.093058947265625 0.4262198704427083 0.0951787412109375 0.4222629225260417 0.09030321533203126 0.41067471614583334 0.087759462890625 0.409826798828125 0.08627560693359375 0.4211323658854167 0.0803401845703125 0.4180233346354167 0.07779643212890625 0.4160448606770833 0.07419278271484375 0.42791570572916665 0.0750407001953125 0.43526432421875 0.078220390625 0.4375254375 0.082459978515625 0.4457219733072917
7 0.07058913330078125 0.48105186979166664 0.07906830810546875 0.4756817259114583 0.08627560693359375 0.47483380794270835 0.08860738037109375 0.46691991145833334 0.085427689453125 0.4604192102864583 0.07928028759765625 0.45052683919270836 0.07292090625 0.45617962304687504 0.06910527734375 0.46494143684895833 0.06486568994140625 0.4756817259114583 0.07058913330078125 0.48105186979166664
9 0.112773029296875 0.455331705078125 0.11552876123046875 0.45448378776041665 0.11786053466796875 0.44939628255208336 0.115104802734375 0.43780807682291667 0.11319698828125 0.4273504270833333 0.1062016689453125 0.4245240358072917 0.10323395751953125 0.4327205716145834 0.10323395751953125 0.43978655078125 0.10810948291015625 0.4479830865885417 0.112773029296875 0.455331705078125
9 0.10641364794921875 0.36601772721354164 0.1153167822265625 0.36545244856770837 0.115104802734375 0.3583864694010417 0.11849647265625 0.3518857682291667 0.11425688525390625 0.345950345703125 0.109805318359375 0.34566770703125 0.107473544921875 0.34623298502604166 0.104081875 0.35075521158854167 0.10259801904296875 0.3532989641927083 0.1053537509765625 0.3583864694010417 0.10641364794921875 0.36601772721354164
9 0.14096628662109376 0.329274634765625 0.1437220185546875 0.32560032552083334 0.1422381630859375 0.31599059375 0.14287410107421875 0.31401211979166666 0.138634513671875 0.30751141861979164 0.13609076123046876 0.30892461458333337 0.13015533837890625 0.31627323307291666 0.1316391943359375 0.32220865559895834 0.1326990908203125 0.3284267174479167 0.14096628662109376 0.329274634765625
9 0.16152828662109375 0.31288156315104165 0.16703975048828126 0.31288156315104165 0.16852360595703125 0.30525030533854164 0.16555589453125 0.2976190475260417 0.160680369140625 0.28998778971354167 0.158348595703125 0.295923212890625 0.15813661669921875 0.3010107174479167 0.15813661669921875 0.30779405794270837 0.16152828662109375 0.31288156315104165
8 0.14817358544921874 0.30609822265625003 0.156864740234375 0.30779405794270837 0.1587725546875 0.3021412740885417 0.15771265771484375 0.29224890364583334 0.15198921435546875 0.28490028515625 0.1475376474609375 0.28857459440104166 0.14478191552734376 0.2942273776041667 0.14668972998046875 0.30016280013020835 0.14817358544921874 0.30609822265625003