9 0.109716669921875 0.45590142671854733 0.11246263916015625 0.45590142671854733 0.11649367578125 0.45406583722438393 0.1171875 0.4507484409857328 0.1171875 0.44882134824902725 0.10939183984375 0.4295929195849546 0.10536106787109376 0.42092542736705574 0.09921893896484375 0.4204155752269779 0.10190611962890625 0.4415744526588846 0.10536106787109376 0.4484574604409857 0.1051691259765625 0.4395350428015565 0.10881601513671875 0.4372407068741894 0.109716669921875 0.45590142671854733
9 0.1155267939453125 0.4357976063553826 0.11780545703125 0.44357976653696496 0.1221532587890625 0.44357976653696496 0.12397222119140625 0.44293554085603115 0.126953125 0.439196415693904 0.126953125 0.4371064974059663 0.12435610400390625 0.428914597924773 0.12032533203125 0.42662026199740594 0.12205280517578125 0.4227963683527886 0.11648650146484375 0.41208946692607 0.11495096923828126 0.41922740142671855 0.1159106767578125 0.42585548313878085 0.1124557294921875 0.4245808521400778 0.1155267939453125 0.4357976063553826
7 0.14711859716796874 0.4364461738002594 0.14744762158203126 0.4329502386511025 0.1583882880859375 0.4283615667963684 0.16222711865234374 0.424537673151751 0.16491430029296875 0.42912634565499347 0.16552734375 0.42528792217898836 0.16552734375 0.41808833722438393 0.162994884765625 0.408987173151751 0.16011576171875 0.4005746070038911 0.1545494580078125 0.39853519714656294 0.1487912119140625 0.4005746070038911 0.144568498046875 0.4079674682230869 0.1428410244140625 0.419694075226978 0.1443034189453125 0.4364461738002594 0.14711859716796874 0.4364461738002594
7 0.165690111328125 0.41560163294422825 0.17029670751953124 0.4143270019455253 0.17236328125 0.41177834241245137 0.17236328125 0.40716642607003894 0.1706805908203125 0.39673709208819713 0.16607399462890626 0.38679496887159537 0.16242710498046875 0.3878146738002594 0.156668859375 0.39010900972762647 0.1551333271484375 0.39520753437094686 0.15897215771484374 0.39826664915693905 0.162619046875 0.4041299526588846 0.165690111328125 0.41560163294422825
9 0.23561056396484376 0.32355109662775616 0.2381058037109375 0.3230412438391699 0.2384896865234375 0.33221858819714656 0.238142890625 0.3398184176394293 0.239023703125 0.3398184176394293 0.2412109375 0.33788177431906613 0.2412109375 0.33528220881971466 0.23887356982421876 0.3199821290531777 0.23580250537109376 0.30978508041504543 0.233307265625 0.30978508041504543 0.230620083984375 0.3156483832684825 0.23138785009765625 0.333493219844358 0.2329233818359375 0.3388466705577173 0.236570271484375 0.33961144876783395 0.23561056396484376 0.32355109662775616
9 0.24986400634765624 0.35732814526588846 0.25639744970703127 0.35732814526588846 0.25830078125 0.354463191309987 0.25830078125 0.34837312970168616 0.25684053369140625 0.336912915693904 0.25242587841796876 0.32467645719844357 0.2483951064453125 0.32467645719844357 0.24685957421875 0.33844247341115435 0.24724345751953125 0.34303114526588846 0.25069840478515626 0.34252129312581064 0.25069840478515626 0.35067893255512317 0.24986400634765624 0.35732814526588846
9 0.27534445361328125 0.32425105836575874 0.27515251220703124 0.3321537717250324 0.27397602685546874 0.3352788586251621 0.274365939453125 0.3352788586251621 0.27783203125 0.3325167749675746 0.27783203125 0.324045995460441 0.277071927734375 0.31634834565499353 0.2757283369140625 0.31175967315175096 0.2730411552734375 0.3120145998702983 0.2693942666015625 0.32042716536964977 0.26881844189453125 0.3318988456549935 0.271121740234375 0.33419318158236055 0.2730411552734375 0.3245059850843061 0.27534445361328125 0.32425105836575874
9 0.2975557626953125 0.3274084001297017 0.30139459326171875 0.3263886952010376 0.3008187685546875 0.3378603754863813 0.3006323076171875 0.3430609597924773 0.300725482421875 0.3430609597924773 0.30224609375 0.34070476783398185 0.30224609375 0.3208196718547341 0.298899353515625 0.31415223605706877 0.2958282890625 0.3179761290531777 0.29218139990234376 0.32180002269779506 0.29352499072265625 0.3373505226977951 0.2946466142578125 0.3430609597924773 0.2975678779296875 0.3430609597924773 0.29832352880859375 0.3335266297016861 0.2975557626953125 0.3274084001297017
9 0.49723446728515625 0.47649782295719845 0.5008813564453125 0.4831259046692607 0.5045282451171875 0.48032171595330736 0.5085590170898437 0.49638206874189367 0.5049121279296875 0.49485251102464334 0.5070234853515625 0.5058143391699093 0.5134363037109375 0.5097276264591439 0.5152157485351563 0.5097276264591439 0.5260256958007813 0.5055594130998703 0.5302734375 0.4926307062256809 0.5302734375 0.49054552788586253 0.5283289946289063 0.48516531452658884 0.527561228515625 0.4711443722438392 0.52429822265625 0.4576332814526589 0.5185399770507813 0.45635865045395596 0.5171963857421875 0.4601825440985733 0.5081751337890625 0.4632416588845655 0.5022249467773438 0.4670655525291829 0.49723446728515625 0.47649782295719845
9 0.46913479736328123 0.4677716186770428 0.465487908203125 0.4879107905317769 0.471630037109375 0.49632335603112837 0.47894945166015623 0.5012970168612192 0.480573818359375 0.5012970168612192 0.48487400244140627 0.49734306095979247 0.4866014765625 0.48587138067444874 0.4854498271484375 0.47898837224383917 0.492935546875 0.48077285603112846 0.4931640625 0.4742981439688716 0.4931640625 0.46327555642023344 0.490440306640625 0.4540056018158236 0.48449011962890626 0.4463578151750973 0.4825707041015625 0.4412592905317769 0.48084323046875 0.43667061802853435 0.47431721875 0.43743539688715954 0.46759926513671873 0.4494169299610895 0.471438095703125 0.4550253067444877 0.46913479736328123 0.4677716186770428
2 0.4186366538085938 0.5931768819714657 0.4113428759765625 0.6020993002594034 0.41364617431640627 0.613570980544747 0.4178688876953125 0.6140808326848249 0.4203641279296875 0.6105118657587549 0.4205534526367187 0.6271076523994812 0.42087584765625 0.6271076523994812 0.4301531455078125 0.6204539883268483 0.4482421875 0.6061892185473411 0.4482421875 0.5895358560311285 0.44723594140625 0.58374461154345 0.44166963720703123 0.581450275616083 0.444164876953125 0.5987852587548638 0.4395582802734375 0.6069428981841763 0.43092091162109375 0.6107667918287938 0.42170771826171877 0.6056682671854734 0.419212478515625 0.599550037613489 0.4186366538085938 0.5931768819714657
9 0.3883069541015625 0.7158166530479897 0.3914473383789063 0.7405966277561609 0.4003121474609375 0.7405966277561609 0.4007831533203125 0.7405444974059663 0.41153187890625 0.7300925220492865 0.41455078125 0.7148984727626458 0.41455078125 0.685188948767834 0.4130674111328125 0.6742636776913099 0.40519780859375 0.6661060382619973 0.3982879135742188 0.6525949481193256 0.39291355078125 0.6548892840466927 0.3804373515625 0.6673806692607003 0.37659852099609376 0.6821663910505836 0.3823567666015625 0.6923634403372244 0.3883069541015625 0.7158166530479897
9 0.2758229809570312 0.6254135875486381 0.2675694951171875 0.6335712269779507 0.26392260595703126 0.6514160629053177 0.2660339633789062 0.6771636121919585 0.2698727939453125 0.6799678002594034 0.272368033203125 0.6690059734111543 0.28081346044921873 0.6631426699092089 0.2898347119140625 0.6659468586251621 0.2942493671875 0.6741044974059663 0.29408316162109377 0.6802853437094682 0.31724594482421875 0.6802853437094682 0.3203125 0.6799902107652399 0.3203125 0.6787307315175096 0.31843399951171875 0.6687510466926071 0.31478711083984373 0.6567695142671856 0.31209992919921875 0.652180841763943 0.3115241044921875 0.6442781290531776 0.3172823505859375 0.6394345304798963 0.3203125 0.6339273482490273 0.3203125 0.6312529455252918 0.31536293505859375 0.6187855058365759 0.3065336254882812 0.6113926452658884 0.29808819775390627 0.609863087548638 0.296744607421875 0.620824915693904 0.29367354296875 0.6294924072632944 0.2882991796875 0.6322965959792477 0.281965109375 0.6277079241245136 0.2758229809570312 0.6254135875486381
9 0.26567385546875 0.7300605064850842 0.2568445454101563 0.7491799740596627 0.2547331884765625 0.7634558424124513 0.256268720703125 0.7764570804150455 0.2606833759765625 0.7846147198443579 0.26912880322265625 0.7810457529182879 0.2737353994140625 0.7703388508430609 0.274695107421875 0.7828302360570687 0.277766171875 0.7912428015564201 0.28727721533203127 0.7989623865110247 0.28843956689453126 0.7989623865110247 0.32177734375 0.7240887872892348 0.32177734375 0.720815290531777 0.31884165869140624 0.7089016297016861 0.3117398217773438 0.6999792114137484 0.30655740087890626 0.697429948767834 0.29600061669921873 0.7002341374837874 0.28486800830078124 0.7048228099870298 0.277766171875 0.7086467029831388 0.275270931640625 0.7132353754863813 0.26567385546875 0.7300605064850842
2 0.92417637109375 0.31284069001297016 0.939723634765625 0.31793921465629055 0.9424853227539063 0.31841763942931256 0.94384765625 0.31841763942931256 0.94384765625 0.31633971984435794 0.9410672255859375 0.29372122308690013 0.9351170380859375 0.26746382101167315 0.9283990849609375 0.2595611083009079 0.921205478515625 0.2522697795071336 0.9206466264648437 0.2522697795071336 0.9188020083007813 0.2526780998702983 0.9138115288085937 0.2656793378728924 0.9124679379882813 0.2791904280155642 0.9126598793945313 0.28454387872892345 0.9228327802734375 0.28556358300907914 0.9216811313476563 0.2970352639429312 0.9197617158203125 0.30340841958495457 0.92417637109375 0.31284069001297016
2 0.814589755859375 0.38004320752269777 0.8159333466796875 0.3922796653696498 0.8134381064453124 0.39814296887159534 0.808639568359375 0.4052809033722439 0.808639568359375 0.4193018463035019 0.81151869140625 0.4238905181582361 0.815741404296875 0.4029865674448768 0.8197721772460937 0.39355429701686123 0.8257223642578125 0.3820826167315175 0.833208083984375 0.3820826167315175 0.8399260375976563 0.40375134695201037 0.84284854296875 0.4260700389105058 0.8431299794921875 0.4260700389105058 0.845684283203125 0.4042611984435798 0.8481795229492187 0.3910050343709468 0.8564453125 0.38954127885862516 0.8564453125 0.3869021692607004 0.8541297104492187 0.37086586251621273 0.84875534765625 0.35608014137483784 0.839350212890625 0.3466478702983139 0.8234190659179688 0.3456281660181582 0.8132461650390626 0.3507266900129702 0.8103670424804688 0.362963149156939 0.81151869140625 0.38004320752269777 0.814589755859375 0.38004320752269777
9 0.8552992861328125 0.36206792153047984 0.8579864682617188 0.3595186582360571 0.8677383349609376 0.36900129701686124 0.8688554970703125 0.36900129701686124 0.87158203125 0.3470324824902724 0.87158203125 0.34644717898832683 0.869311017578125 0.32357406031128405 0.8648963627929688 0.31541642088197147 0.856834818359375 0.31541642088197147 0.845703125 0.3174556634241245 0.845703125 0.3327699377431907 0.8464699765625 0.3483019046692607 0.8505007485351562 0.35900880609597924 0.8552992861328125 0.36206792153047984