9 0.5189703022460938 0.5090791180285343 0.520972912109375 0.5090791180285343 0.5287640913085937 0.5008008638132295 0.52880859375 0.4993823274967575 0.52880859375 0.4790356361867704 0.5264946650390625 0.46274750064850845 0.5213884560546875 0.45822630869001296 0.5125944291992187 0.4604869046692607 0.5060698286132812 0.4635010324254215 0.5020983325195313 0.47329694747081713 0.5074882202148437 0.48309286316472116 0.5120270727539062 0.50494528923476 0.5189703022460938 0.5090791180285343
9 0.49262489599609377 0.5275451245136187 0.5021173129882812 0.5278858625162127 0.5031494750976563 0.5278858625162127 0.5087890625 0.5207523476005188 0.5087890625 0.5188207684824903 0.5053904189453124 0.5004179747081712 0.5048230625 0.4898685272373541 0.49716374853515627 0.48459380350194553 0.49177386083984376 0.4887382295719845 0.4821287998046875 0.4958967827496757 0.47872466015625 0.5113441874189365 0.48553293896484373 0.5154886134889753 0.49262489599609377 0.5275451245136187
2 0.4868909599609375 0.5627834571984436 0.48263578564453125 0.5405542658884566 0.48802567333984376 0.5428148605706874 0.48974609375 0.5313900168612192 0.48974609375 0.5295319448767835 0.48065003759765623 0.5262371582360571 0.47327440234375 0.5243533287937743 0.4658987666015625 0.5326421796368352 0.46901922802734375 0.548466350843061 0.47469279345703125 0.5620299260700389 0.47962659521484374 0.5700389105058365 0.4800624028320313 0.5700389105058365 0.4868909599609375 0.5627834571984436
2 0.4638671875 0.5882261147859922 0.4628893833007813 0.5806938521400778 0.45437903466796875 0.5754191290531777 0.4435992602539062 0.5833312146562905 0.4461523642578125 0.601039215304799 0.4482991435546875 0.603112840466926 0.45041012939453123 0.603112840466926 0.4638671875 0.5919844124513619 0.4638671875 0.5882261147859922
9 0.38995835595703127 0.7154878839169909 0.39272391845703125 0.7360570687418937 0.39382915283203124 0.7360570687418937 0.41265261865234376 0.7264140972762645 0.4285386025390625 0.7215161394293125 0.43701171875 0.7143548028534371 0.43701171875 0.7060718145265887 0.43421216845703126 0.6823324779507133 0.42768756787109374 0.6439023488975357 0.4157730795898438 0.6310923060959792 0.4021565219726562 0.647293242542153 0.38683789453125 0.6601032859922179 0.3783275458984375 0.6717830311284047 0.3822990419921875 0.6940122230869001 0.38995835595703127 0.7154878839169909
8 0.251464134765625 0.7583185226977951 0.248343673828125 0.7816780123216601 0.255435630859375 0.7975021828793775 0.26745084326171875 0.811284046692607 0.2695294775390625 0.811284046692607 0.2781298935546875 0.8084283962386511 0.28437081591796876 0.7990092470817121 0.28749127734375 0.8057910343709468 0.29493581103515626 0.811284046692607 0.2957146596679687 0.811284046692607 0.30908203125 0.8075284319066148 0.30908203125 0.8023377645914397 0.30734875732421874 0.7918506939040207 0.3019588696289062 0.7907203962386511 0.29685266064453125 0.7722588631647211 0.2911790947265625 0.7462620103761349 0.28437081591796876 0.7372196271076523 0.26564804931640623 0.719511626459144 0.25742137890625 0.7326984357976654 0.251464134765625 0.7583185226977951
2 0.6870975317382813 0.6578402172503243 0.6990120190429687 0.6601008132295719 0.7146143247070312 0.6533190252918288 0.7158203125 0.6402382555123216 0.7158203125 0.6341986238651102 0.7126285771484375 0.6299595350194552 0.7078060463867187 0.6280757055771725 0.6981609848632813 0.6088606407263294 0.6851117836914062 0.5839940862516213 0.656743955078125 0.573067873540856 0.6211622758789063 0.5680933852140078 0.6187376416015625 0.5680933852140078 0.6082349682617187 0.5794728949416342 0.6042634716796875 0.6179030239948119 0.609653359375 0.6243080453955901 0.6130574985351562 0.6649987704280156 0.6463200849609375 0.6789883268482491 0.6484494458007812 0.6789883268482491 0.6797218955078125 0.6714037924773022 0.6870975317382813 0.6578402172503243
2 0.6753228432617188 0.30605677237354084 0.6636920336914063 0.3301697944228275 0.6492244409179687 0.3633251997405967 0.6687982426757813 0.3712372853437095 0.6673798515625 0.3987412016861219 0.684349185546875 0.4033722438391699 0.6959252788085938 0.4033722438391699 0.7170235512695312 0.40062503112840464 0.7243991870117188 0.3693534552529183 0.7392578125 0.3700981504539559 0.7392578125 0.36764806095979247 0.7360299965820313 0.3226344747081712 0.7238318305664062 0.3053032399481193 0.7192929780273437 0.3199971128404669 0.7133357338867188 0.33544451815823606 0.7062437768554688 0.3207506452658884 0.6980171064453125 0.29965175032425423 0.69262721875 0.2947537931258106 0.6753228432617188 0.30605677237354084
2 0.7990015234375 0.4021266796368353 0.8110874916992188 0.4072632944228275 0.830501525390625 0.4072632944228275 0.8330078125 0.3996980382619974 0.8330078125 0.37311316601815825 0.831057169921875 0.35465416666666666 0.8233978559570313 0.34561178339818416 0.8100649765625 0.344104719844358 0.8038240541992188 0.34561178339818416 0.7984341669921875 0.3542774007782101 0.7921932446289063 0.3806510188067445 0.7987178452148438 0.3870560408560311 0.7990015234375 0.4021266796368353
2 0.8434328110351562 0.4156939040207523 0.8525296655273438 0.3940928514915694 0.85595703125 0.375534537613489 0.85595703125 0.3700597140077821 0.8550827700195313 0.3564162542153048 0.8496928828125 0.3466203391699092 0.8411825336914063 0.3443597431906614 0.833523220703125 0.35264859468223086 0.833523220703125 0.3688495311284047 0.8340905771484375 0.41293114980544743 0.84148669921875 0.4156939040207523 0.8434328110351562 0.4156939040207523
2 0.868889455078125 0.39948119325551235 0.8753014077148438 0.3875587866407263 0.883244400390625 0.36344576394293127 0.8857421875 0.34652690012970166 0.8857421875 0.34365767315175094 0.8798402602539063 0.33368125226977946 0.872180947265625 0.33368125226977946 0.8645216333007812 0.3366953800259403 0.860266458984375 0.3483751251621271 0.858564388671875 0.365706359922179 0.86225220703125 0.38266082879377433 0.8677929487304687 0.39948119325551235 0.868889455078125 0.39948119325551235
9 0.3121027451171875 0.3476005188067445 0.3144802353515625 0.3476005188067445 0.3165718310546875 0.33273034889753567 0.3193359375 0.33222973994811933 0.3193359375 0.3211636530479896 0.316052232421875 0.3142700849546044 0.31293463671875 0.3180656530479896 0.308777841796875 0.31634039494163424 0.306179845703125 0.3153052399481193 0.2996848544921875 0.3258293158236057 0.3038416494140625 0.3294523579766537 0.3044911484375 0.34480715758754865 0.3121027451171875 0.3476005188067445
9 0.3359375 0.31753937613488975 0.3359375 0.31446598832684824 0.33424716845703123 0.30627831712062253 0.3348966669921875 0.2969619221789883 0.3332143740234375 0.29507133592736706 0.33319863623046875 0.29507133592736706 0.3291810756835937 0.29816960311284046 0.3300903740234375 0.3030003261997406 0.32853157568359376 0.30593326588845654 0.3255438798828125 0.30576073994811936 0.3258036796875 0.319045228923476 0.33108656640625 0.3223086900129702 0.33156102099609375 0.3223086900129702 0.3359375 0.31753937613488975
9 0.36363038671875 0.326776097924773 0.36311078759765625 0.32073769390402074 0.3598632924804688 0.3205651679636835 0.35882409326171877 0.3167695992217899 0.362331388671875 0.3145267639429313 0.362331388671875 0.3112487730220493 0.36376953125 0.30974082879377435 0.36376953125 0.30602273735408564 0.3629808876953125 0.3040026880674449 0.35947359228515624 0.3007246971465629 0.3540177998046875 0.30641804928664074 0.35375800048828127 0.3229805291828794 0.3540177998046875 0.3285013560311284 0.35797622412109376 0.33009079118028534 0.3602665751953125 0.33009079118028534 0.36363038671875 0.326776097924773
7 0.13901935302734375 0.4059662775616083 0.143151212890625 0.4059662775616083 0.1492861416015625 0.4019663125810635 0.151815962890625 0.4059662775616083 0.1523405341796875 0.4059662775616083 0.15380859375 0.40455809143968874 0.15380859375 0.4016900110246433 0.15123463916015625 0.3905796076523995 0.14785724365234376 0.3807456348897536 0.14305094970703125 0.37764016990920884 0.1377250576171875 0.378847850843061 0.1340878623046875 0.3807456348897536 0.13265896435546876 0.3942026504539559 0.133957962890625 0.4048992516212711 0.13901935302734375 0.4059662775616083
7 0.1544954541015625 0.3830791284046693 0.155069794921875 0.39040207522697795 0.156375794921875 0.39040207522697795 0.15891204833984374 0.38842742931258106 0.15956154736328124 0.3789385084306096 0.1617698447265625 0.3846318612191959 0.16891433447265625 0.38204397341115437 0.17281132861328125 0.37824840531776915 0.17553922509765624 0.37997366342412453 0.17822265625 0.3762547217898833 0.17822265625 0.375262537613489 0.17411032666015624 0.3675518035019455 0.16943393408203125 0.3568552016861219 0.1664462373046875 0.35599257263294426 0.16462764013671874 0.3587529863813229 0.16060074609375 0.35892551232166015 0.15709345068359376 0.36134087354085603 0.155274853515625 0.3658265453955901 0.1544954541015625 0.3830791284046693
9 0.10353056884765625 0.397304686770428 0.1052192666015625 0.40817381322957197 0.1071415380859375 0.4143968871595331 0.1077677626953125 0.4143968871595331 0.11002556005859375 0.41196938197146565 0.1096358603515625 0.4033430907911803 0.10976576025390625 0.3936816439688716 0.1123637568359375 0.39264648832684823 0.11210395703125 0.3990299448767834 0.11132455810546875 0.40989907133592735 0.1117142578125 0.41283201167315176 0.11669921875 0.41062509403372244 0.11669921875 0.4060393210116731 0.1163906513671875 0.40317056420233466 0.115221552734375 0.391783859922179 0.113402955078125 0.37987957717250326 0.10989566015625 0.37746421530479896 0.10638836474609376 0.3783268450064851 0.10508936669921876 0.38022462905317767 0.10288106982421875 0.38678061089494165 0.10353056884765625 0.397304686770428
9 0.08851328173828125 0.40815240920881973 0.0881235830078125 0.41332818417639433 0.0911112783203125 0.4209193210116732 0.09341963720703125 0.42412451361867703 0.09468708837890626 0.42412451361867703 0.09765625 0.4209697315175097 0.09765625 0.4200198287937743 0.094878373046875 0.4103952451361868 0.09085147900390625 0.39780085927367054 0.08877308154296874 0.39331518741893645 0.08526578662109376 0.39279761024643317 0.08331728955078126 0.39521297146562906 0.0843564873046875 0.40573704734111543 0.08500598681640625 0.40953261608300906 0.08851328173828125 0.40815240920881973
1 0.0771940791015625 0.4046692607003891 0.0800538759765625 0.4046692607003891 0.08251953125 0.40357767769131 0.08251953125 0.40213167120622567 0.07973269287109375 0.39118191245136186 0.07635529736328125 0.38186551750972764 0.07414700048828125 0.37893257782101164 0.0711593046875 0.37910510376134887 0.0692108076171875 0.38152046562905323 0.0699902060546875 0.390491808690013 0.0727181025390625 0.3970477905317769 0.0771940791015625 0.4046692607003891
7 0.1626735458984375 0.32213019390402076 0.16357421875 0.31782378728923477 0.16357421875 0.3141286861219196 0.16228384716796876 0.3083281271076524 0.158906451171875 0.30159961932555124 0.1538403583984375 0.2991842581063554 0.15202176123046876 0.3079830745784695 0.15397025830078126 0.3195423060959793 0.15525584521484376 0.3229571984435798 0.15886830126953125 0.3229571984435798 0.1626735458984375 0.32213019390402076
7 0.1692032744140625 0.3002594033722438 0.17152523291015626 0.3002594033722438 0.1781752939453125 0.29766168352788586 0.1781752939453125 0.29214085667963685 0.17919921875 0.28942101556420236 0.17919921875 0.28168482490272373 0.17882479296875 0.27954647081712064 0.1763566962890625 0.27713110959792475 0.173888599609375 0.27851131647211413 0.169082306640625 0.27885636770428013 0.165445111328125 0.28420466861219196 0.165445111328125 0.2936935894941634 0.16830290771484374 0.2947287438391699 0.1692032744140625 0.3002594033722438
9 0.278297767578125 0.30972712905317773 0.2780379682617187 0.31904352399481195 0.2780379682617187 0.32335666990920886 0.28266315185546875 0.3236057068741894 0.287655486328125 0.3236057068741894 0.2879103544921875 0.30972712905317773 0.2919921875 0.30820239753566797 0.2919921875 0.3069796802853437 0.29141764990234376 0.2978228463035019 0.286741255859375 0.2895416063553826 0.28505255859375 0.29212949416342415 0.2832339609375 0.29488990726329445 0.28128546337890625 0.2936822263294423 0.2781678676757813 0.293164649156939 0.27595957080078126 0.30886450000000004 0.278297767578125 0.30972712905317773
9 0.3033242822265625 0.3147319610894942 0.30280468359375 0.3202527879377432 0.3046875 0.31560871725032424 0.3046875 0.3060416880674449 0.3043634814453125 0.30317273022049285 0.30046648681640625 0.2973068521400778 0.29708909130859373 0.3030002042801556 0.29669939208984375 0.31524953891050583 0.29825818994140624 0.3273263469520104 0.30072628662109374 0.3212879429312581 0.3009860859375 0.31490448702983137 0.3033242822265625 0.3147319610894942