9 0.6792877685546875 0.288878796875 0.677921166015625 0.294765701171875 0.6778160424804688 0.29672800260416665 0.679603138671875 0.298129646484375 0.679603138671875 0.3042968795572917 0.6794980151367187 0.31046411263020834 0.6842285634765625 0.31312723567708334 0.6845439331054688 0.3052780299479167 0.6879078784179687 0.30415671484375 0.69411015234375 0.30065260546875 0.6950562622070312 0.29532635872395835 0.6934794125976562 0.28817797526041666 0.6913769467773437 0.2842533723958333 0.6892744809570313 0.2843935364583333 0.6883283715820312 0.286215673828125 0.6854900424804687 0.2832722213541667 0.68307220703125 0.2841132076822917 0.6792877685546875 0.288878796875
5 0.6629936591796874 0.28663616666666664 0.6617321796875 0.29182224934895834 0.6603655766601563 0.29883046809895836 0.6619424262695313 0.30205424934895836 0.6676190834960938 0.30345589322916666 0.671929138671875 0.30191408463541664 0.6731906181640624 0.29756898893229167 0.6731906181640624 0.2887386328125 0.672875248046875 0.2785066328125 0.6708779057617188 0.27107791992187497 0.6689856865234375 0.2712180846354167 0.6664627275390625 0.270937755859375 0.6628885356445312 0.27542301627604165 0.6621526728515625 0.28215090690104166 0.6626782890625 0.2857951803385417 0.6629936591796874 0.28663616666666664
2 0.41188708935546875 0.5239499511718749 0.4212588095703125 0.5235334296874999 0.42688184130859375 0.5164525748697917 0.42469510693359375 0.502499125 0.4223521767578125 0.4954182701822916 0.41657294970703124 0.49166958203125 0.41423001953125 0.49187784244791666 0.4087631831054688 0.49791739583333333 0.4079822060546875 0.5043734694010417 0.4082945966796875 0.517493876953125 0.41188708935546875 0.5239499511718749
2 0.44296996044921877 0.53061428515625 0.45187309423828126 0.5393612233072916 0.4545284150390625 0.5506072877604167 0.461713400390625 0.5460255579427084 0.462338181640625 0.5349877545572916 0.461713400390625 0.5216590859375 0.4553093916015625 0.5145782311197916 0.4512483129882813 0.5112460638020834 0.44156420263671875 0.5158277936197917 0.43453541259765627 0.5199930026041667 0.43453541259765627 0.5287399407552084 0.44296996044921877 0.53061428515625
2 0.5285650024414063 0.42627580338541665 0.5296583696289062 0.43627230468749995 0.5315327133789063 0.4475183684895833 0.5318451040039063 0.4568900885416667 0.5340318388671875 0.4616800787760416 0.54293497265625 0.463346162109375 0.54168541015625 0.4539744420572917 0.54152921484375 0.4408540345052083 0.5444969262695313 0.4371053463541667 0.5498075673828124 0.428983189453125 0.5473084418945312 0.41773712565104165 0.5449655122070313 0.40940670768229165 0.54184160546875 0.40690758203125 0.5365309643554688 0.40690758203125 0.5337194482421875 0.40440845703125 0.5346566201171875 0.400868029296875 0.5310641274414063 0.4029506341145834 0.5284088071289063 0.41211409309895836 0.5285650024414063 0.41836190690104164 0.5285650024414063 0.42627580338541665
2 0.5977595341796875 0.44272837825520833 0.6027577846679687 0.44960097330729165 0.60447593359375 0.4508505358072917 0.6115047231445313 0.46313790169270835 0.6185335131835937 0.4562653072916667 0.6186897084960937 0.44418620117187496 0.6180649272460937 0.430232751953125 0.6132228720703125 0.42356841796875 0.6111923325195312 0.42377667838541666 0.6090055981445313 0.42877492903645836 0.60431973828125 0.432107095703125 0.5991652919921875 0.4371053463541667 0.5977595341796875 0.44272837825520833
2 0.5877630327148438 0.47563352799479164 0.589949767578125 0.47250962174479166 0.5943232368164062 0.4791739557291667 0.6011958315429687 0.4791739557291667 0.60416354296875 0.4731344029947917 0.6029139799804687 0.46251312044270837 0.6001024643554688 0.4545992233072917 0.5991652919921875 0.4498092337239583 0.5943232368164062 0.4439779407552083 0.590262158203125 0.4433531595052083 0.5849515170898437 0.4504340149739583 0.5838581494140626 0.45709834895833334 0.5830771728515625 0.4685526731770833 0.5877630327148438 0.47563352799479164
8 0.621032638671875 0.44376968033854164 0.6238441547851562 0.43835490885416667 0.6269680610351562 0.43127405403645835 0.6240003500976562 0.42627580338541665 0.6196268803710937 0.421902333984375 0.6160343881835938 0.42044451106770836 0.6155658017578125 0.4291914498697917 0.6179087319335937 0.43731360677083336 0.621032638671875 0.44376968033854164
7 0.6286862099609375 0.43127405403645835 0.6254061079101563 0.4366888255208334 0.6252499125976563 0.44710184765625 0.6282176240234375 0.458556171875 0.6343092416992188 0.455432265625 0.6361835859375 0.45251661914062496 0.6389951015625 0.4439779407552083 0.6436809614257812 0.4393962115885417 0.6475858447265626 0.43523100260416664 0.6460238916015625 0.4250262408854167 0.6457115009765625 0.4162793020833333 0.6441495478515625 0.4108645305989584 0.6418066176757813 0.41044800976562495 0.6377455390625 0.41607104166666664 0.6341530463867188 0.4202362506510417 0.6319663120117187 0.4227353756510417 0.6286862099609375 0.43127405403645835
7 0.5446531215820313 0.46563702734375 0.54090443359375 0.472301361328125 0.5390300893554687 0.4793822161458334 0.5380929174804687 0.48521350846354167 0.5326260810546875 0.4906282799479167 0.5360623779296875 0.4972926139322917 0.5380929174804687 0.5033321673177084 0.5449655122070313 0.5043734694010417 0.5479332231445313 0.5118708450520834 0.5518381064453125 0.5193682213541667 0.559023091796875 0.5195764817708334 0.5676138349609375 0.5164525748697917 0.5768293598632812 0.50895519921875 0.5772979458007812 0.5043734694010417 0.5744864296875 0.493960447265625 0.5726120859375 0.4827143834635417 0.5719873046875 0.47250962174479166 0.5721435 0.46251312044270837 0.5699567651367188 0.45813965104166665 0.5660518818359375 0.4589726927083333 0.5629279750976562 0.46313790169270835 0.5555867944335937 0.46584528776041667 0.5491827861328125 0.46626180859375 0.5446531215820313 0.46563702734375
7 0.5137264458007812 0.48188134179687503 0.5157569848632813 0.49312740559895835 0.5199742587890624 0.494585228515625 0.524191533203125 0.502499125 0.526846853515625 0.502915646484375 0.527627830078125 0.492086103515625 0.527159244140625 0.4841722063802083 0.525128705078125 0.47396744466145835 0.5216924077148437 0.4666783294270833 0.5160693754882812 0.46417920377604166 0.5132578598632812 0.47063527734375005 0.5093529765625 0.4731344029947917 0.512008296875 0.4768830911458333 0.5137264458007812 0.48188134179687503
7 0.5081034135742187 0.53436297265625 0.5115397109375 0.5460255579427084 0.5157569848632813 0.5431099114583333 0.5285650024414063 0.5364455774739584 0.5310641274414063 0.5301977643229167 0.527471634765625 0.5141617102864583 0.525128705078125 0.5056230319010416 0.5227857749023438 0.49833391666666665 0.5182561103515625 0.494585228515625 0.510758734375 0.49833391666666665 0.5098215625 0.5014578229166667 0.5031051630859374 0.5077056360677084 0.49732593603515624 0.5166608352864583 0.5015432099609375 0.5235334296874999 0.5081034135742187 0.53436297265625
9 0.446562453125 0.48958697786458333 0.4509359223632812 0.49000349869791665 0.4557779775390625 0.49521000976562496 0.45718373583984373 0.5077056360677084 0.460620033203125 0.5099965013020834 0.46452491650390626 0.5045817298177083 0.4707727294921875 0.49687609309895836 0.4698355576171875 0.485005248046875 0.4695231669921875 0.47771613281249997 0.47530239404296876 0.47771613281249997 0.47936347265625 0.475425267578125 0.47733293359375 0.4666783294270833 0.47264707373046877 0.45709834895833334 0.4660868696289063 0.4589726927083333 0.461869595703125 0.4643874641927083 0.45687134521484374 0.46605354817708333 0.4490615786132813 0.4635544225260417 0.4448443046875 0.46813615234375 0.4428137651367188 0.4737591842447917 0.4450005 0.48479698763020834 0.446562453125 0.48958697786458333
2 0.20487630029296874 0.45666050976562494 0.20487630029296874 0.46172353450520837 0.20882545947265624 0.4635462233072916 0.21019247607421876 0.47346975130208335 0.21155949267578125 0.47650756640624997 0.21581243310546874 0.46982437369791663 0.2206729365234375 0.46921681054687503 0.2259891123046875 0.47286218880208336 0.22674856591796874 0.46638151692708335 0.23024205322265626 0.46617899609374996 0.2285712548828125 0.4556479049479167 0.22492587744140624 0.4487621920572917 0.22082482763671876 0.447344544921875 0.218850248046875 0.44835714973958335 0.2177870126953125 0.45544538411458335 0.2150529794921875 0.45686303125 0.21019247607421876 0.45119244335937503 0.20487630029296874 0.45666050976562494
2 0.2501397392578125 0.50870840234375 0.256822931640625 0.504657982421875 0.26016452783203126 0.5004050416666667 0.26107587255859377 0.49635462239583333 0.2542407895507813 0.4900764720052084 0.25287377294921876 0.48562101041666667 0.24877272265625 0.4823806744791667 0.24543112646484375 0.48582353125000005 0.24543112646484375 0.49696218554687505 0.24786137841796874 0.5034428567708333 0.2501397392578125 0.50870840234375
9 0.05636724365234375 0.4625888515625 0.05949875732421875 0.46626316080729163 0.063006052734375 0.465261076171875 0.0622544892578125 0.4530690501302083 0.06576178466796875 0.45089786783854163 0.0648849609375 0.44388327734375 0.06250501025390626 0.438705841796875 0.0593734970703125 0.43553257421874997 0.0574945888671875 0.43469750390625 0.055490419921875 0.43787077148437503 0.05210838525390625 0.4443843196614583 0.054237814453125 0.45373710677083334 0.05636724365234375 0.4625888515625
9 0.06325657373046875 0.4308561809895833 0.06576178466796875 0.4351985462239583 0.06901855859375 0.43720271484375 0.07189955126953125 0.4308561809895833 0.0697701220703125 0.428684998046875 0.07102272705078125 0.4265138151041667 0.06926907958984375 0.419165197265625 0.06739017138671875 0.41699401432291666 0.065887044921875 0.41599192968750004 0.064634439453125 0.41883116861979164 0.06400813671875 0.42217144986979166 0.063381833984375 0.4248436751302083 0.06325657373046875 0.4308561809895833
9 0.0795404443359375 0.39912351041666666 0.081294091796875 0.40062663671875004 0.083799302734375 0.40179573502604166 0.0843003447265625 0.39828844010416664 0.08693081591796875 0.39912351041666666 0.0893107666015625 0.40313184765625 0.09018759033203125 0.40797525520833333 0.0934443642578125 0.40580407226562504 0.09732744091796874 0.403298861328125 0.10045895458984375 0.39478114453124996 0.10020843359375 0.392943990234375 0.0953232724609375 0.39043877929687504 0.092943322265625 0.38576238606770835 0.0880581611328125 0.37724466861979167 0.08404982373046875 0.3790818235677083 0.08279721826171875 0.38442627343749997 0.08141935205078125 0.3906057936197917 0.07979096533203126 0.39478114453124996 0.0795404443359375 0.39912351041666666
9 0.03757816259765625 0.43169125130208336 0.04108545751953125 0.435365560546875 0.043465408203125 0.4310231946614584 0.0440917109375 0.4258457591145834 0.04609587939453125 0.4208353372395834 0.04559483740234375 0.41231762044270837 0.0415865 0.4076412272135417 0.0373276416015625 0.4051360162760416 0.0354487333984375 0.40947838151041666 0.03582451513671875 0.4176620703125 0.03620029638671875 0.42467666080729166 0.03757816259765625 0.43169125130208336
9 0.0494779140625 0.4383718131510417 0.05098104052734375 0.427849927734375 0.05085577978515625 0.4263468014322917 0.04609587939453125 0.4235075625 0.04283910546875 0.4315242369791667 0.0439664501953125 0.43970792578125 0.04659692138671875 0.44505237565104167 0.0494779140625 0.4383718131510417
1 0.0890602451171875 0.37640959830729165 0.0903128505859375 0.37273528971354164 0.086680294921875 0.3688939661458333 0.08329826025390626 0.365887712890625 0.08217091552734375 0.36505264257812503 0.08029200732421875 0.37123216276041665 0.08029200732421875 0.3800839075520834 0.08342352099609375 0.3795828658854166 0.0890602451171875 0.37640959830729165