9 0.8278391240234375 0.24395008495460443 0.8226255776367187 0.25179767963683525 0.8208877280273438 0.26795449027237356 0.8191498798828125 0.28226480869001297 0.8191498798828125 0.29657512840466926 0.81949744921875 0.31042382230869003 0.824778779296875 0.3132295719844358 0.8268782905273437 0.3132295719844358 0.8295769731445313 0.30765408300907915 0.8396564975585937 0.3131935609597925 0.8476506025390625 0.31042382230869003 0.85302734375 0.2943563618677043 0.85302734375 0.29297280739299614 0.8514738701171874 0.2859577944228275 0.8483457421875 0.2799566932555123 0.8483457421875 0.27026260635538263 0.849736021484375 0.25918365045395586 0.8469554624023438 0.25502904150453953 0.839308927734375 0.24856631647211413 0.8330526713867188 0.243488462386511 0.8278391240234375 0.24395008495460443
2 0.8315075537109375 0.3748378728923476 0.83724725390625 0.3600399831387808 0.84423828125 0.3427962263294423 0.84423828125 0.32978966796368353 0.8407229516601562 0.32172525940337227 0.8327288466796875 0.3272647373540856 0.8233444624023437 0.3332658385214008 0.8108319497070312 0.34942264980544746 0.8153503569335937 0.360963228923476 0.8261250205078124 0.3734270551232166 0.8301084458007812 0.3748378728923476 0.8315075537109375 0.3748378728923476
2 0.8530051586914063 0.24837025486381326 0.8523100190429688 0.2571410946822309 0.850919740234375 0.27283628274967575 0.8550905776367187 0.2811454993514916 0.8543954379882812 0.2894547172503243 0.8526575888671875 0.3074580207522698 0.850919740234375 0.31576723800259404 0.8505859375 0.3241906692607004 0.8505859375 0.3245480518806745 0.8582187055664062 0.33007755642023345 0.8703836484375 0.33377054085603114 0.8781521538085938 0.3346303501945525 0.8787810483398437 0.3346303501945525 0.8835913002929687 0.3291543093385214 0.8842864399414062 0.3125358748378729 0.8856767197265625 0.3023801653696498 0.8860242890625 0.29499419520103765 0.8929756850585937 0.29083958625162126 0.897841662109375 0.29130120881971466 0.90380859375 0.2882192840466926 0.90380859375 0.2860716712062257 0.9023600693359375 0.27606764461738004 0.8971465224609375 0.26545031193255514 0.8905426962890625 0.255756224383917 0.8828961606445312 0.26221895006485085 0.871773927734375 0.2659119345006485 0.8662128110351562 0.255756224383917 0.8596089848632813 0.2451388923476005 0.8530051586914063 0.24837025486381326
7 0.5752294213867187 0.24482896822308692 0.5773531049804688 0.24749282879377432 0.5787115200195313 0.24773022049286642 0.5849609375 0.24773022049286642 0.5849609375 0.24767825551232167 0.5827802954101563 0.24310529118028534 0.5827802954101563 0.23981463878080414 0.5849609375 0.23981463878080414 0.5849609375 0.2330974811932555 0.5828982778320313 0.2277489105058366 0.5794767880859375 0.22665202594033723 0.5767631928710938 0.22524174513618675 0.5746395092773438 0.22649532749675744 0.573223720703125 0.22962928339818417 0.572751791015625 0.23527040402075228 0.5747574916992187 0.23762086964980544 0.5752294213867187 0.24482896822308692
8 0.6183678813476563 0.24854955447470817 0.620019634765625 0.2538772795071336 0.6249748959960938 0.25544425745784693 0.6270985791015625 0.25466076783398184 0.6268626142578125 0.2498031374837873 0.63037109375 0.2489559059662776 0.63037109375 0.2481516374837873 0.6280424389648438 0.24384862191958495 0.6263906845703126 0.24040127107652398 0.623323142578125 0.24008787548638133 0.619547705078125 0.24024457328145266 0.6170700747070312 0.24212494552529185 0.6138845498046875 0.24713927496757457 0.6167161279296876 0.2494897412451362 0.6183678813476563 0.24854955447470817
9 0.5087890625 0.261348897535668 0.5087890625 0.2587275214007782 0.5064286083984375 0.2500191160830091 0.5087890625 0.24897410700389105 0.5087890625 0.23952143644617382 0.5074904497070313 0.23779668936446174 0.5044229067382813 0.2363864092088197 0.5013553647460938 0.23701319974059662 0.5005294877929688 0.24030385408560312 0.5004115053710938 0.24766864850843062 0.5010014174804688 0.25785400453955903 0.5026855190429688 0.261348897535668 0.5087890625 0.261348897535668
9 0.48046875 0.21796478534370947 0.47852578271484375 0.21444586316472114 0.47544723681640627 0.2140077821011673 0.47156482080078127 0.2140077821011673 0.47156482080078127 0.2200869831387808 0.47274464453125 0.22776517380025937 0.4746960322265625 0.23022049286640725 0.47669131591796876 0.23022049286640725 0.47864376513671875 0.22980224513618674 0.47994157177734376 0.22588480090791183 0.48046875 0.22287407198443582 0.48046875 0.21796478534370947
7 0.4586161591796875 0.23670557717250323 0.4604643583984375 0.23614769584954604 0.45963848095703125 0.23223025162127106 0.4619140625 0.2309162075226978 0.4619140625 0.22839446368352787 0.46117225244140625 0.22455206095979247 0.4594025166015625 0.22235829182879377 0.45621699169921875 0.22126140726329444 0.4523235717773437 0.22094801167315176 0.452795501953125 0.22596234046692606 0.452913484375 0.23285704280155642 0.4535677978515625 0.23670557717250323 0.4586161591796875 0.23670557717250323
7 0.42621997900390624 0.21032932101167315 0.42456822509765624 0.21173960051880672 0.4240962958984375 0.21675392931258106 0.42480418994140623 0.2239620272373541 0.42539410205078126 0.2280361692607004 0.4289736162109375 0.23022049286640725 0.4326171875 0.23022049286640725 0.4326171875 0.2297336102464332 0.430585328125 0.22568570298313878 0.42999541552734377 0.2198878852140078 0.42964146875 0.2173807204928664 0.43223708154296875 0.21691062710765238 0.430939275390625 0.21220969390402075 0.429287521484375 0.2106427166018158 0.42621997900390624 0.21032932101167315
7 0.40063799658203125 0.23147700129701687 0.40131215283203125 0.23476005188067445 0.40771484375 0.23476005188067445 0.40771484375 0.23462290791180285 0.40582922216796874 0.23053681582360572 0.40665509912109377 0.22771625551232166 0.404059486328125 0.22129164656290531 0.403115626953125 0.2201947626459144 0.39969413720703123 0.2201947626459144 0.40040203173828126 0.22724616147859925 0.40063799658203125 0.23147700129701687
5 0.3837890625 0.21601404539559016 0.3812013486328125 0.21492049870298313 0.377661876953125 0.2183678495460441 0.37836977099609376 0.22526255188067443 0.3800148349609375 0.22568093385214008 0.38367332275390625 0.22568093385214008 0.3826171376953125 0.22134510700389107 0.3837890625 0.22073980739299612 0.3837890625 0.21601404539559016
9 0.24995667333984375 0.3411940402075227 0.2533781630859375 0.34088064461738005 0.2534961455078125 0.34479808949416346 0.2533781630859375 0.3535731647211414 0.25490083740234376 0.3553826199740597 0.257871408203125 0.3553826199740597 0.26057508984375 0.35435665369649805 0.263671875 0.34701204539559016 0.263671875 0.3459451952010376 0.26151894921875 0.3399404584954604 0.25939526611328123 0.3299118009079118 0.2579794770507812 0.3238005875486381 0.2553838642578125 0.32207691180285347 0.2531421982421875 0.3231737963683528 0.25113649755859374 0.32536756485084306 0.24983869091796876 0.3321055693904021 0.24995667333984375 0.3411940402075227
9 0.23064008203125 0.3108092146562905 0.230286134765625 0.31723382360570684 0.23347166015625 0.3159802418936446 0.23406157177734374 0.32224815369649806 0.23394358935546875 0.33008304085603113 0.23394358935546875 0.3340004870298314 0.23761868310546874 0.3352788586251621 0.24018409765625 0.3352788586251621 0.24432604150390624 0.33384378923476005 0.24397209423828126 0.3267923878080415 0.24420805908203125 0.32209145590142674 0.24385411181640626 0.313159682230869 0.24314621728515626 0.3086154468223087 0.24462890625 0.3057846841763943 0.24462890625 0.3044286329442283 0.24361814697265624 0.30297432749675746 0.2398427099609375 0.3018774429312581 0.2385449033203125 0.30548149092088195 0.23630323779296875 0.3070484695201038 0.23476946630859374 0.30391451426718546 0.233589642578125 0.30203414072632945 0.231937888671875 0.3034444195849546 0.23064008203125 0.3108092146562905
9 0.21286047021484375 0.32040402204928664 0.211680646484375 0.321971 0.211090734375 0.3294924935149157 0.2130964345703125 0.339834546692607 0.213332400390625 0.3462591549935149 0.214771474609375 0.3521400778210117 0.2170879052734375 0.3521400778210117 0.2220630986328125 0.3512734831387808 0.2236328125 0.34918867444876783 0.2236328125 0.3403633495460441 0.223242921875 0.33576040402075225 0.2207652919921875 0.3379541731517509 0.21828766162109375 0.3363871945525292 0.22253502685546875 0.3309027723735409 0.22017537890625 0.32510495590142674 0.21805169677734376 0.3218143022049287 0.21639994189453124 0.32056071984435797 0.21286047021484375 0.32040402204928664
7 0.16788680712890625 0.39496781971465633 0.16930259619140625 0.40139242866407265 0.17720741748046875 0.397631682230869 0.17724609375 0.3970024280155642 0.17724609375 0.3875239254215305 0.17661750537109375 0.3839989760051881 0.17697145263671876 0.3788279494163424 0.173313998046875 0.37459710959792475 0.16883066650390624 0.3738136206225681 0.1650552294921875 0.37726097146562904 0.1638754052734375 0.3827453936446174 0.1657631240234375 0.3885432114137484 0.16788680712890625 0.39496781971465633
7 0.17931404931640624 0.37715707392996106 0.1774263310546875 0.38264149610894943 0.1770723837890625 0.388909406614786 0.17907808447265625 0.39423713099870294 0.182145626953125 0.398624668612192 0.183797380859375 0.40363899740596626 0.1851043359375 0.4079118028534371 0.1875644130859375 0.4079118028534371 0.19429781494140624 0.40567606809338524 0.19642149853515625 0.40175862451361866 0.20090482958984374 0.3970576906614786 0.20267456640625 0.3893795006485084 0.203125 0.3869010706874189 0.203125 0.38450283592736706 0.198545181640625 0.3804477263294423 0.19158422021484375 0.3752766997405967 0.18863465966796875 0.37370972243839173 0.18745483544921876 0.37715707392996106 0.18485922265625 0.37888074967574575 0.18320746875 0.377313771076524 0.181673697265625 0.37653028274967576 0.17931404931640624 0.37715707392996106
9 0.1264646865234375 0.3958872924773022 0.1251668798828125 0.3998047367055772 0.1252848623046875 0.40732623022049286 0.1265826689453125 0.4178249811932555 0.1283524052734375 0.4259732652399481 0.1314952431640625 0.4293125810635538 0.1329344599609375 0.4293125810635538 0.13731906787109374 0.4275402431906615 0.13916015625 0.42338334824902724 0.13916015625 0.4191821374837873 0.13849889208984376 0.41531781647211413 0.134723455078125 0.4093633015564202 0.13354363134765626 0.4070128346303502 0.136139244140625 0.4029386926070039 0.13366161328125 0.39494710570687414 0.13177389501953124 0.39102966147859924 0.12894231689453126 0.39071626588845654 0.1264646865234375 0.3958872924773022
9 0.064329953125 0.41639046822308695 0.062442234375 0.4146667924773022 0.05984662158203125 0.42062130804150455 0.0595703125 0.42649296498054473 0.0595703125 0.42962078015564203 0.05984662158203125 0.43488080544747076 0.06362205859375 0.43488080544747076 0.06456591796875 0.44255899675745786 0.06684427294921876 0.45136186770428016 0.0700105791015625 0.45136186770428016 0.07553828173828125 0.4489836057068742 0.07958984375 0.44390149092088194 0.07958984375 0.44304574773022054 0.07671810546875 0.43409731712062255 0.07483038720703125 0.4246954500648509 0.07365056298828125 0.41748735278858623 0.0725887216796875 0.412002930609598 0.0703470556640625 0.4102792548638132 0.06928521435546875 0.41388330415045393 0.06786942529296874 0.4173306549935149 0.064329953125 0.41639046822308695
1 0.07310308349609375 0.4007214610894942 0.07483860791015624 0.4033722438391699 0.0777116591796875 0.4033722438391699 0.08100790478515625 0.40197504409857326 0.08154296875 0.39923399481193256 0.08154296875 0.39701628664072636 0.0787662392578125 0.3900660123216602 0.07534474951171875 0.37925386640726333 0.07310308349609375 0.37564981712062256 0.071215365234375 0.37502302594033726 0.06885571728515626 0.3770600979247731 0.06897369970703125 0.3841114974059663 0.070979400390625 0.3927298748378729 0.07310308349609375 0.4007214610894942
7 0.5003896186523438 0.4319337859922179 0.49779400537109375 0.44102225616083013 0.49720409326171877 0.45073751880674445 0.5015694428710937 0.4557518469520104 0.5028927592773438 0.45590142671854733 0.5135482192382812 0.45590142671854733 0.5176150502929687 0.45465496303501945 0.5186768916015625 0.4424325369649805 0.51904296875 0.4370842944228275 0.51904296875 0.41991188067444873 0.5183229443359375 0.41265995979247727 0.5173790854492187 0.4101527950713359 0.5149014541015625 0.40623535084306095 0.5098282114257813 0.40670544357976657 0.5036931254882813 0.4145403333333333 0.5025133017578125 0.42143503437094676 0.5031032138671875 0.4266060616083009 0.5003896186523438 0.4319337859922179
2 0.4219880830078125 0.6207099760051881 0.42275912646484376 0.6245136186770428 0.4232332744140625 0.6245136186770428 0.431072728515625 0.6194563936446174 0.4390955322265625 0.6124049941634241 0.4462890625 0.6072714727626459 0.4462890625 0.6063985914396888 0.4381516728515625 0.6022196387808042 0.431780623046875 0.5932878657587548 0.4299290776367187 0.585603112840467 0.42759438427734375 0.585603112840467 0.4226959775390625 0.5859230700389105 0.41726878662109373 0.5929744701686122 0.414909138671875 0.5992423806744488 0.4158529985351562 0.6066071763942932 0.41998238232421875 0.6069205719844358 0.4228139599609375 0.6039433138780804 0.4221060654296875 0.6122482963683528 0.4219880830078125 0.6207099760051881
9 0.25665411474609373 0.746768616083009 0.2649128833007813 0.7525664332036316 0.27269972216796873 0.7625950907911803 0.27328963427734376 0.7796751485084306 0.2760032294921875 0.7903305972762646 0.28587138671875 0.7963683527885862 0.2866202939453125 0.7963683527885862 0.30859375 0.7234841044098574 0.30859375 0.7187934987029831 0.3046729541015625 0.7047736121919584 0.299953658203125 0.6975655142671855 0.27092998583984373 0.6980356076523995 0.2609014814453125 0.708064265239948 0.25535630859375 0.7212268787289235 0.25299666015625 0.7309421407263295 0.252642712890625 0.7408141005188067 0.25665411474609373 0.746768616083009