2 0.6910493828125 0.32716049414062504 0.6925925927734375 0.34115226367187496 0.7089506171875 0.34567901236979165 0.720061728515625 0.33786008203125 0.7234567900390625 0.32633744856770835 0.7308641977539062 0.32222222200520834 0.7302469135742188 0.30823045247395836 0.7265432099609375 0.29053497916666665 0.721913580078125 0.2827160494791667 0.712962962890625 0.29012345703125003 0.7033950615234374 0.29300411523437503 0.6996913579101562 0.28600823046875 0.6882716049804688 0.29218106966145835 0.6882716049804688 0.30534979427083336 0.687962962890625 0.323045267578125 0.6910493828125 0.32716049414062504
2 0.8182098764648438 0.344032921875 0.8222222221679687 0.3567901236979167 0.8373456791992188 0.36090534960937504 0.8435185185546875 0.3596707819010417 0.8503086420898438 0.3395061725260417 0.8558641977539062 0.3242798352864583 0.8558641977539062 0.31152263346354164 0.8444444443359375 0.30576131705729165 0.8305555556640625 0.30205761328124997 0.8188271606445312 0.30658436197916666 0.812037037109375 0.31934156380208334 0.8163580249023438 0.330864197265625 0.8182098764648438 0.344032921875
2 0.854938271484375 0.28641975325520835 0.8543209877929687 0.30576131705729165 0.8561728393554687 0.3226337447916667 0.8731481479492188 0.33827160481770835 0.882098765625 0.33662551432291665 0.89197530859375 0.3337448561197917 0.895987654296875 0.30370370377604167 0.9015432099609375 0.28724279817708337 0.8996913579101562 0.26748971223958334 0.8972222221679688 0.2572016458333333 0.887962962890625 0.24567901236979164 0.8783950615234375 0.24238683138020833 0.8672839506835938 0.24032921809895832 0.8546296293945312 0.25473251041666667 0.8527777778320312 0.2596707819010417 0.8586419750976563 0.27037037044270834 0.854938271484375 0.28641975325520835
9 0.8092592592773438 0.30246913606770837 0.8123456791992187 0.31152263346354164 0.8172839506835937 0.29753086393229167 0.8216049384765625 0.3032921809895833 0.8358024692382813 0.30658436197916666 0.8506172841796875 0.29670781901041665 0.8543209877929687 0.28230452669270834 0.8552469135742188 0.2646090533854167 0.8506172841796875 0.24156378580729165 0.8382716049804687 0.24238683138020833 0.8314814814453125 0.25061728385416665 0.8246913579101562 0.24320987630208335 0.8212962963867187 0.244032921875 0.812037037109375 0.255144033203125 0.8095679013671875 0.269135802734375 0.8095679013671875 0.28847736653645834 0.8092592592773438 0.30246913606770837
2 0.9 0.42345679036458334 0.9021604936523437 0.4032921809895833 0.8966049384765625 0.38436213997395835 0.8981481479492187 0.374897119140625 0.887962962890625 0.36460905338541666 0.8768518520507812 0.3641975305989584 0.86894711328125 0.3610976334635417 0.8604938271484375 0.3720164609375 0.862037037109375 0.38930041145833333 0.8632716049804687 0.4086419752604167 0.8753086420898437 0.42551440299479165 0.8898148149414062 0.43127572005208337 0.9 0.42345679036458334
1 0.202516037109375 0.3023077545572917 0.2057310576171875 0.3113854596354167 0.213106693359375 0.3101246673177083 0.213106693359375 0.30407286393229166 0.21537611962890624 0.29575163411458333 0.21669995166015624 0.29196925716145833 0.21480876318359374 0.2876825625 0.210459029296875 0.28490881966145837 0.2057310576171875 0.28415234375000004 0.20421810693359374 0.28944767187500003 0.20043572998046874 0.29499515885416666 0.2000574921875 0.3018034375 0.202516037109375 0.3023077545572917
1 0.241852759765625 0.30835955794270836 0.2501739892578125 0.3086117161458333 0.2541454853515625 0.30457718098958336 0.25433460400390623 0.29776890169270837 0.25565843603515626 0.2917170983072917 0.253389009765625 0.28440450260416666 0.24866103857421876 0.28314371028645835 0.24412218603515626 0.28415234375000004 0.241852759765625 0.28894335481770833 0.24147452197265626 0.29247357356770837 0.24298747265625 0.29953401106770833 0.241852759765625 0.30835955794270836
9 0.08488410791015626 0.43721253906249996 0.08639705859375 0.4488118294270833 0.09471828857421875 0.45108125585937503 0.0977441904296875 0.44704672005208335 0.09736595263671875 0.43847333203125 0.0977441904296875 0.42889130989583335 0.09547476416015625 0.4235959817708333 0.09925714111328125 0.4177963365885417 0.0988789033203125 0.4122488502604167 0.09528564501953125 0.409727265625 0.09301621875 0.4185528118489583 0.090557673828125 0.42082223828125004 0.08488410791015626 0.41577906901041667 0.0818582060546875 0.42031792122395834 0.079967017578125 0.4283869928385417 0.08299291943359376 0.43242152799479167 0.08488410791015626 0.43721253906249996
9 0.11117162890625 0.44805535351562503 0.115332244140625 0.4553679498697916 0.11873638330078125 0.45032477994791664 0.12214052294921875 0.44528161067708333 0.117979908203125 0.43771685611979166 0.1132519365234375 0.42939562630208333 0.108713083984375 0.42561324934895833 0.10511982568359375 0.42536109114583337 0.103606875 0.4304042604166667 0.103417755859375 0.43645606380208335 0.10965867822265625 0.44049059960937503 0.11117162890625 0.44805535351562503
9 0.06691781640625 0.485879125 0.07523904638671874 0.4826010651041666 0.0767519970703125 0.47705357877604165 0.07391521435546874 0.46394133789062497 0.07183490673828125 0.460411119140625 0.06483750927734375 0.4581416927083333 0.060487775390625 0.455115791015625 0.0612442509765625 0.4447772936197916 0.05906918408203125 0.44068305013020836 0.05897482470703125 0.442255708984375 0.05765099267578125 0.4513334140625 0.0572727548828125 0.4566287421875 0.0584074677734375 0.4682280319010417 0.06408103369140625 0.48007948046875 0.06691781640625 0.485879125
1 0.08110173095703126 0.406449205078125 0.08431675146484376 0.4044319375 0.0833711572265625 0.39863229231770836 0.08110173095703126 0.3925804889322917 0.07977789892578124 0.3860243684895834 0.07769759130859374 0.3817376744791667 0.07523904638671874 0.37972040690104164 0.07126755029296875 0.37896393098958336 0.06918724267578125 0.38627652734375 0.07202402587890624 0.39182401367187497 0.07523904638671874 0.399136609375 0.08110173095703126 0.406449205078125
8 0.2950084765625 0.7621862864583333 0.30180077392578125 0.785732916015625 0.31185337353515624 0.78826870703125 0.3191890541992187 0.78681968359375 0.31484198388671875 0.75023184375 0.3189173623046875 0.7281342376302083 0.33440379931640624 0.7255984466145833 0.33875086962890627 0.7136440039062499 0.33440379931640624 0.6929954212239583 0.322992740234375 0.6922709095052083 0.3121250654296875 0.6908218860677083 0.29718201171875 0.6940821888020833 0.2814238828125 0.7129194921875 0.284684185546875 0.7306700286458333 0.2879444877929688 0.746971541015625 0.2950084765625 0.7621862864583333