2 0.9233539096679687 0.35278082230869 0.9196127944335938 0.3577495667963683 0.923821548828125 0.36830814721141375 0.9287317622070312 0.38041946108949415 0.9313037783203125 0.3835249260700389 0.9355125327148438 0.3745190778210117 0.9357463525390625 0.3540230084306096 0.9350448935546875 0.33787459079118026 0.9331743359375 0.321415626459144 0.929667041015625 0.31427305642023345 0.923821548828125 0.315515242542153 0.9177422373046875 0.32576327691309986 0.917976056640625 0.3388062302204929 0.9261597456054688 0.3443960674448768 0.9233539096679687 0.35278082230869
2 0.8146277592773438 0.3788667282749676 0.8167321362304687 0.3860092976653696 0.8153292182617188 0.39625733268482494 0.8104190048828125 0.40246826264591434 0.8069117094726562 0.409921378080415 0.8104190048828125 0.4254487029831388 0.8139262998046874 0.4096108320363165 0.8183688740234375 0.39563623929961095 0.8263187431640625 0.3832143793774319 0.8333333334960937 0.38818312321660187 0.8375420874023437 0.39905225097276265 0.8408155629882812 0.4117846575875486 0.8440890385742188 0.4142690291828794 0.8459595961914063 0.3993627976653697 0.8466610551757813 0.39284132101167313 0.85390946484375 0.3934624137483787 0.854610923828125 0.3763823566796368 0.852506546875 0.36147612451361866 0.8429199399414062 0.35278082230869 0.8314627758789063 0.3484331718547341 0.8225776279296875 0.34750153242542153 0.8155630375976562 0.34967535732814525 0.8118219228515625 0.35899175226977953 0.8094837260742187 0.37793508884565497 0.8146277592773438 0.3788667282749676
9 0.8672371865234375 0.36675541504539555 0.8716797607421874 0.3540230084306096 0.8723812197265625 0.32824764915693905 0.8681724653320313 0.315515242542153 0.860456416015625 0.315515242542153 0.85390946484375 0.31893125421530477 0.8513374487304688 0.33352693968871594 0.851805087890625 0.3431538813229572 0.852506546875 0.3568179273670558 0.8564814814453126 0.36054448508430614 0.8672371865234375 0.36675541504539555
7 0.572380830078125 0.23755513229571987 0.5754886831054687 0.2386938028534371 0.5766675239257812 0.23783979961089494 0.5748456791992187 0.23058077561608303 0.571630658203125 0.22844576783398185 0.5687371401367187 0.22631076070038914 0.5656292866210938 0.226026093385214 0.564236111328125 0.22759176523994812 0.5646647807617188 0.24922650453955902 0.57066615234375 0.24979583981841763 0.5742026748046875 0.24879950324254216 0.572380830078125 0.23755513229571987
8 0.6252143344726563 0.2503651750972763 0.6266075102539063 0.2526425162127108 0.62639317578125 0.2579088670557717 0.6285365224609375 0.2599015408560311 0.6327160493164062 0.26189421400778207 0.6352880659179687 0.26331755188067446 0.63453789453125 0.2562008612191959 0.6349665639648437 0.2522155149156939 0.637538580078125 0.25292718352788585 0.6381815844726563 0.25022284111543447 0.6364669067382812 0.24552582555123217 0.6338948901367187 0.2441024876783398 0.63453789453125 0.24894183722438393 0.6318587104492187 0.2503651750972763 0.6310013715820313 0.24623749481193255 0.6312157065429688 0.2435331523994812 0.6291795268554687 0.2428214831387808 0.6258573388671875 0.2435331523994812 0.6231781547851563 0.245952826848249 0.6228566528320313 0.24894183722438393 0.6252143344726563 0.2503651750972763
9 0.49125514404296877 0.2453834915693904 0.4933984912109375 0.24267914915693906 0.49447016455078124 0.24637982814526588 0.49447016455078124 0.253781186770428 0.4946844995117187 0.25876287029831385 0.49800668701171874 0.26075554345006485 0.5029363852539063 0.26175188002594035 0.5057227368164062 0.26075554345006485 0.5037937241210938 0.24993817380025943 0.5073302470703125 0.24794550064850843 0.5069015776367187 0.2441024876783398 0.50475823046875 0.23755513229571987 0.5022933813476562 0.2364164617380026 0.496292009765625 0.23499312321660182 0.49393432763671874 0.2364164617380026 0.4913623115234375 0.23940547146562904 0.4893261318359375 0.24239448184176393 0.49125514404296877 0.2453834915693904
9 0.47271519189453126 0.23058077561608303 0.472500857421875 0.22588375940337224 0.47260802490234377 0.21947873800259404 0.4702503427734375 0.21549339105058368 0.46628515087890626 0.21463938845654992 0.46424897119140623 0.21620506031128403 0.464677640625 0.2228947496757458 0.46510631005859376 0.2301537736705577 0.4675711591796875 0.23143477821011674 0.47271519189453126 0.23058077561608303
7 0.4295267490234375 0.2234640849546044 0.433063271484375 0.22488742282749677 0.436492626953125 0.2234640849546044 0.4342421123046875 0.21720139688715953 0.43724279833984375 0.21648972762645913 0.4352066186523437 0.21036937418936444 0.43317043896484375 0.20780736511024644 0.4301697529296875 0.20738036381322958 0.4275977368164062 0.20780736511024644 0.4270618999023437 0.21378538521400778 0.4278120712890625 0.21663206160830092 0.4295267490234375 0.21876706874189364 0.4295267490234375 0.2234640849546044
7 0.44356567236328126 0.23413912062256811 0.4437800068359375 0.23257344876783398 0.44763803173828126 0.23300045006485084 0.44538751708984375 0.23755513229571987 0.4423868310546875 0.24068647600518808 0.44913837451171873 0.24068647600518808 0.44913837451171873 0.23584712645914396 0.44913837451171873 0.22730709792477302 0.44763803173828126 0.222752415693904 0.443994341796875 0.2221830804150454 0.44249399853515625 0.22147141115434502 0.4403506513671875 0.22488742282749677 0.4403506513671875 0.23129244422827494 0.44013631689453125 0.23840913488975357 0.44356567236328126 0.23413912062256811
7 0.41162980126953125 0.23100777691309987 0.4155949931640625 0.2308654429312581 0.4196673525390625 0.22944210505836576 0.41977452001953125 0.22460275551232164 0.41870284619140624 0.22004807328145265 0.4199888544921875 0.21691672957198443 0.41838134423828127 0.21293138261997407 0.4152734912109375 0.21165037808041506 0.4124871401367188 0.2123620473411154 0.41141546630859377 0.21378538521400778 0.410665294921875 0.21805540012970168 0.41227280517578124 0.22246774773022052 0.41162980126953125 0.22688009597924774 0.41162980126953125 0.23100777691309987
7 0.38548096728515624 0.24111347730220495 0.38794581640625 0.23712813099870297 0.38837448583984374 0.23300045006485084 0.3877314814453125 0.23115011089494164 0.38933899169921876 0.2301537736705577 0.38730281201171873 0.22488742282749677 0.38355195458984376 0.22360641828793776 0.3809799384765625 0.22474508884565497 0.37915809326171873 0.226026093385214 0.38065843603515626 0.23115011089494164 0.38183727685546875 0.2348507898832685 0.38119427294921876 0.24054414202334629 0.38548096728515624 0.24111347730220495
9 0.39780521240234373 0.22588375940337224 0.3949116943359375 0.21677439559014267 0.3979123798828125 0.21463938845654992 0.3958762001953125 0.20837670038910505 0.39287551416015626 0.20752269779507135 0.38955332666015624 0.20823436705577172 0.388267318359375 0.20980003891050583 0.38848165283203123 0.21520872373540856 0.3897676611328125 0.21905173670557718 0.39019633056640624 0.22631076070038914 0.39780521240234373 0.22588375940337224
5 0.36479766796875 0.2234640849546044 0.36672668017578125 0.2221830804150454 0.3659765087890625 0.21648972762645913 0.3635116596679687 0.2160627263294423 0.361046810546875 0.21890940272373538 0.36136831298828126 0.22460275551232164 0.3622256513671875 0.22830343450064852 0.3662980107421875 0.22986910635538263 0.36479766796875 0.2234640849546044
9 0.31174982861328127 0.2710035778210117 0.31174982861328127 0.2779779345006485 0.31592935546875 0.2764122626459144 0.3167866943359375 0.26972257392996113 0.3191443759765625 0.26388688715953307 0.3211805556640625 0.25961687289234764 0.3197873798828125 0.25491985732814526 0.3167866943359375 0.2542081880674449 0.31153549365234373 0.25705486446173803 0.30907064453125 0.26303288456549934 0.308749142578125 0.26559489299610894 0.312821501953125 0.26616422827496755 0.31174982861328127 0.2710035778210117
9 0.3119641630859375 0.3381851368352789 0.31228566552734377 0.3293604409857328 0.3116426611328125 0.32324008690012973 0.31442901220703123 0.3219590823605707 0.31496484912109374 0.3283641044098573 0.31496484912109374 0.3361924636835279 0.3167866943359375 0.33647713164721144 0.31646519189453126 0.3260867632944228 0.3150720166015625 0.31697739948119324 0.31378600830078124 0.3114263806744488 0.31153549365234373 0.3102877101167315 0.3092849794921875 0.31626573022049287 0.30660579541015626 0.31626573022049287 0.3072487998046875 0.3252327600518807 0.30746313427734373 0.3322071167315175 0.30703446484375 0.33733113424124517 0.3119641630859375 0.3381851368352789
9 0.2690972221679688 0.33647713164721144 0.26834705078125 0.3433091543450065 0.2668467080078125 0.3482908378728924 0.2662037036132813 0.35270318612191953 0.2718835732421875 0.3514221815823606 0.2748842592773437 0.34743683463035024 0.274134087890625 0.3383274708171206 0.2715620712890625 0.3270830998702983 0.26834705078125 0.31911240661478596 0.26652520556640624 0.317831402075227 0.26523919775390625 0.32210141634241246 0.2638460219726563 0.32380942217898834 0.26534636474609374 0.33263411867704284 0.2643818588867187 0.3454441614785992 0.2672753774414062 0.3361924636835279 0.2690972221679688 0.33647713164721144
9 0.2379115224609375 0.3107147114137484 0.23887602880859374 0.3188277386511024 0.2404835390625 0.32338242088197144 0.2416623798828125 0.3310684468223087 0.24187671484375 0.3367617989623865 0.24594907421875 0.33533846108949417 0.246592078125 0.32850643774319066 0.24723508251953125 0.31911240661478596 0.24905692724609374 0.3161233962386511 0.249699931640625 0.3216744150453956 0.24905692724609374 0.3267984319066148 0.24798525390625 0.33434212451361867 0.2518432783203125 0.33377278923476006 0.2512002744140625 0.32480575875486384 0.25023576806640624 0.3166927315175097 0.24959276416015624 0.3102877101167315 0.247663751953125 0.306017695849546 0.24466306591796874 0.30473669130998704 0.24326989013671876 0.3084373702983139 0.24037637158203126 0.30986070881971467 0.23909036328125 0.3081527029831388 0.2379115224609375 0.3107147114137484
9 0.11316872412109374 0.3454441614785992 0.1146690673828125 0.3484331718547341 0.120563271484375 0.34743683463035024 0.12227794921875 0.3420281498054475 0.12034893701171875 0.3336304552529183 0.12184927978515625 0.33178011543450064 0.11981310009765625 0.32793710246433205 0.11745541845703125 0.3334881212710765 0.1146690673828125 0.3330611199740596 0.1118827158203125 0.3283641044098573 0.1098465361328125 0.3346267918287938 0.1098465361328125 0.3398931426718547 0.1126328876953125 0.3394661413748378 0.11316872412109374 0.3454441614785992
1 0.08326903271484375 0.3898523106355382 0.083912037109375 0.39796533787289234 0.090342078125 0.3973960025940337 0.0923782578125 0.3939799915693904 0.09216392333984375 0.3852976290531777 0.09194958837890625 0.3756189299610895 0.09227109033203125 0.3703525784695201 0.0898062412109375 0.36878690661478597 0.08530521240234375 0.3646592263294423 0.08348336767578125 0.3682175713359274 0.081875857421875 0.3746225927367056 0.0827331962890625 0.3813122821011673 0.08326903271484375 0.3898523106355382
9 0.1010588134765625 0.43582613229571987 0.1027734912109375 0.44308515629053175 0.10609567919921875 0.447497504539559 0.10555984228515625 0.4385304747081712 0.10791752392578124 0.43810347341115435 0.1092035322265625 0.44650116796368355 0.10909636474609374 0.453333191309987 0.1105967080078125 0.4568915363164721 0.11424039794921875 0.45518353047989624 0.1167052470703125 0.45148285149156936 0.11456189990234375 0.4443661608300908 0.110703875 0.43440279377431906 0.10877486279296875 0.42799777237354086 0.105667009765625 0.4207387483787289 0.101594650390625 0.4204540804150454 0.09923696826171875 0.4213080830090791 0.09998714013671875 0.428851775616083 0.1010588134765625 0.43582613229571987
9 0.11541923876953125 0.4352567970168612 0.116490912109375 0.44123481712062257 0.118527091796875 0.44450849481193255 0.1228137861328125 0.4435121582360571 0.1257073046875 0.4405231478599222 0.12538580224609375 0.4322677866407263 0.12409979443359374 0.4251510959792477 0.1210991083984375 0.417749738002594 0.11841992431640624 0.41319505577172505 0.1156335732421875 0.4113447166018158 0.11488340185546875 0.4167534014267185 0.11520490380859374 0.42287375551232165 0.114776234375 0.42700143579766536 0.11541923876953125 0.4352567970168612
7 0.13610253759765625 0.44095014915693903 0.1411394033203125 0.4437968255512322 0.14306841552734376 0.4400961465629053 0.144354423828125 0.437391804150454 0.1475694443359375 0.4385304747081712 0.15035579541015626 0.43625313359273665 0.15153463671875 0.42643210051880676 0.1501414609375 0.41589939818417637 0.1472479423828125 0.4090673754863813 0.143711419921875 0.40764403761348894 0.1411394033203125 0.40778637094682235 0.13610253759765625 0.41120238261997405 0.13235168017578125 0.4168957354085603 0.13170867626953126 0.4241547594033723 0.13342335400390626 0.4316984513618677 0.13610253759765625 0.44095014915693903
7 0.15078446484375 0.3958303307392996 0.15078446484375 0.3992463424124514 0.15121313427734376 0.40308935538262003 0.152177640625 0.40593603177691306 0.15346364892578124 0.4067900343709468 0.15485682421875 0.4113447166018158 0.15892918359375 0.4103483800259403 0.16246570654296874 0.40807103891050583 0.16396604931640624 0.4035163566796368 0.16278720849609374 0.3951186621271076 0.16128686572265624 0.38757497016861225 0.1597865224609375 0.38316262191958494 0.1557141630859375 0.38088528080415046 0.15314214697265624 0.3838742905317769 0.15035579541015626 0.38543996238651107 0.15024862841796874 0.3902793125810636 0.15078446484375 0.3958303307392996
9 0.16653806591796874 0.29890100518806745 0.1658950615234375 0.30302868547341116 0.16632373095703126 0.308010369001297 0.17007458837890624 0.30786803501945526 0.17328960888671874 0.306017695849546 0.17264660498046874 0.29818933592736707 0.1705032578125 0.2899339747081712 0.16889574755859374 0.2850946251621271 0.1676097392578125 0.2838136212710765 0.166109396484375 0.2845252898832685 0.16546639208984376 0.2903609766536965 0.16450188623046874 0.29576966147859923 0.16503772314453125 0.29833166990920884 0.16653806591796874 0.29890100518806745
9 0.2427340537109375 0.6219987581063554 0.238768861328125 0.6288307808041504 0.2338391630859375 0.6402174863813229 0.2318029833984375 0.6548778690012971 0.23394633056640626 0.6725272613488976 0.23716135107421876 0.6777936121919585 0.24530606982421874 0.6759432730220493 0.24798525390625 0.6787899494163424 0.25891632373046874 0.6820636264591439 0.26223851171875 0.6785052814526589 0.26566786669921877 0.6795016180285344 0.2660965361328125 0.6715309247730221 0.2695258916015625 0.6612828904020752 0.2767061044921875 0.6592902166018157 0.282921810546875 0.6571552094682231 0.279170953125 0.6470495090791181 0.27809927978515625 0.6400751523994812 0.28335047998046875 0.6306811206225681 0.28624399853515625 0.6275497769130999 0.2767061044921875 0.6097580505836575 0.2702760629882813 0.6067690402075228 0.2637388544921875 0.6077653767833981 0.2626671811523438 0.6145974001297017 0.261166837890625 0.6192944156939041 0.2603094995117187 0.6208600875486382 0.25945216064453125 0.6264111063553827 0.254415294921875 0.6285461134889754 0.2474494169921875 0.6266957736705577 0.2427340537109375 0.6219987581063554
9 0.26223961669921875 0.720003658236057 0.2548152392578125 0.7332098878080415 0.25150078466796877 0.7450074533073929 0.2497772685546875 0.7564528527885863 0.25256141015625 0.7631440090791181 0.2560084423828125 0.7673700032425421 0.26263735107421876 0.7657852555123217 0.26528891455078124 0.7603266802853438 0.26913368115234376 0.7539876900129702 0.27231555712890626 0.7573332684824903 0.27655805859375 0.764024424773022 0.27669063671875 0.7712438307392996 0.2745693862304687 0.7839218112840467 0.27470196435546873 0.7897325525291828 0.2788118876953125 0.7937824630350194 0.2857059521484375 0.7981845395590143 0.319248228515625 0.7205319072632944 0.31381252392578124 0.7067974280155642 0.306520724609375 0.7001062717250325 0.29962665966796875 0.6969367762645914 0.28623626513671874 0.698521523994812 0.2777512622070312 0.7029236005188068 0.2731110263671875 0.7062691789883269 0.2675427431640625 0.7156015817120622 0.26223961669921875 0.720003658236057
9 0.35915425732421874 0.6960563612191959 0.36458996240234376 0.7060930959792477 0.37334012109375 0.7050365972762647 0.3759916845703125 0.7252861498054475 0.391238173828125 0.7393727957198444 0.40131411474609374 0.7400771277561607 0.41324614990234376 0.7240535687418936 0.41921216748046874 0.7038040162127108 0.42093568359375 0.6876043741893645 0.41934474560546875 0.6798567191958494 0.4169583388671875 0.6495704319066148 0.415234822265625 0.6384771984435798 0.4082081796875 0.6242144701686122 0.4002534892578125 0.6213971407263295 0.4038331000976563 0.6310817094682232 0.4072801323242187 0.6446401057068741 0.3999883330078125 0.6574941699092088 0.389912392578125 0.6564376712062256 0.3862002036132812 0.6574941699092088 0.377980357421875 0.6668265719844358 0.37135144873046877 0.6745742269779507 0.35915425732421874 0.6874282911802854 0.35915425732421874 0.6960563612191959
2 0.4185492768554688 0.6138255693904021 0.42053794921875 0.6118886556420233 0.42159857470703127 0.6266796329442283 0.4345912348632813 0.6159385661478599 0.44652327001953124 0.6069583294422828 0.4481142080078125 0.6002671731517509 0.4474513173828125 0.586884859922179 0.44586037939453127 0.5819545343709468 0.4410875654296875 0.5821306173800259 0.44307623779296873 0.5919912691309988 0.44400428515625 0.6016758378728924 0.44042467431640625 0.6092474092088197 0.4326025625 0.6120647386511024 0.42239404345703124 0.6090713261997406 0.42000763671875 0.6000910901426718 0.41656060400390627 0.5946325149156939 0.4123181025390625 0.6007954221789884 0.4111248994140625 0.6051974987029831 0.414174197265625 0.6147059844357976 0.4185492768554688 0.6138255693904021
2 0.450102880859375 0.6018519208819715 0.4542128037109375 0.6002671731517509 0.4591181962890625 0.5965694286640727 0.46150460302734375 0.5942803488975357 0.4607091342773437 0.5849479461738003 0.4592507744140625 0.5810741186770428 0.45474311669921874 0.5800176206225681 0.450235458984375 0.582306700389105 0.450102880859375 0.5891739396887159 0.449970302734375 0.5939281828793774 0.450102880859375 0.6018519208819715
9 0.46906155859375 0.44637057328145263 0.47250859130859374 0.4509487328145266 0.47250859130859374 0.4601050525291829 0.46747062060546873 0.47524819584954603 0.4662774169921875 0.4829958508430609 0.4713153876953125 0.490919588845655 0.480065546875 0.49831507782101164 0.48550125146484374 0.4963781640726329 0.48550125146484374 0.48757401037613485 0.48284968798828126 0.4815871861219196 0.48245195361328125 0.4763046945525292 0.4898763310546875 0.47524819584954603 0.4898763310546875 0.4634506303501945 0.48868312744140624 0.45306172957198443 0.487357345703125 0.4483074870298314 0.4844406259765625 0.4454901575875487 0.4831148447265625 0.4416163300907912 0.4841754697265625 0.4382707522697795 0.48125875 0.43422084176394293 0.4775465615234375 0.43439692477302205 0.47303890380859376 0.4400315830090791 0.46906155859375 0.44637057328145263
9 0.5092327436523437 0.5035975693904021 0.5132100888671876 0.5074713968871596 0.5195738408203125 0.5095843936446174 0.5256724365234375 0.5050062341115434 0.529252046875 0.49426516731517506 0.5279262651367187 0.4803546050583658 0.5266004838867188 0.4676766238651103 0.5236837641601563 0.4588724708171206 0.5193086845703125 0.4560551420233463 0.5177177465820313 0.45957680285343705 0.5142707138671875 0.46133763359273666 0.5085698530273437 0.461865882619974 0.5061834458007812 0.4706700363164721 0.5073766494140625 0.48246760181582365 0.5079069619140625 0.49356083463035016 0.5092327436523437 0.5035975693904021