8 0.48666225732421875 0.6642416223958333 0.495480599609375 0.6826131686197917 0.5147707231445312 0.6833480305989584 0.5114638447265625 0.7083333333333334 0.505401234375 0.7369929453125 0.5009920634765626 0.7575690768229166 0.5125661376953125 0.7744708997395833 0.5346119931640625 0.778145208984375 0.5665784833984375 0.7788800703125 0.591931216796875 0.7774103470052083 0.591931216796875 0.7472810110677083 0.5891754848632812 0.689961787109375 0.5979938271484375 0.6936360963541667 0.6172839506835938 0.6840828925781249 0.6178350971679688 0.6517489713541667 0.61342592578125 0.6267636686197916 0.6001984125976563 0.6128012936197916 0.593033509765625 0.6076572604166667 0.5858686069335938 0.6164756028645834 0.5731922397460938 0.6414609055989583 0.5577601411132812 0.6502792473958333 0.5373677250976563 0.6399911816406251 0.5373677250976563 0.6274985305989583 0.5335097001953125 0.603982951171875 0.5340608466796875 0.5936948854166667 0.5158730161132813 0.5981040566406249 0.5020943564453125 0.61500587890625 0.49603174609375 0.6355820104166666 0.48666225732421875 0.6642416223958333
8 0.45965608447265627 0.501837154296875 0.47233245166015625 0.5106554967447917 0.47563932958984373 0.5216784244791667 0.474537037109375 0.540049970703125 0.474537037109375 0.5672398587239583 0.483906525390625 0.5738536152343751 0.50650352734375 0.567974720703125 0.5285493828125 0.567974720703125 0.5313051147460938 0.5562169309895834 0.5285493828125 0.5282921809895833 0.5318562612304687 0.5084509114583333 0.5417768959960938 0.49669312174479163 0.5346119931640625 0.4687683717447917 0.527998236328125 0.4533362727864583 0.516424162109375 0.4503968255208333 0.5125661376953125 0.4702380950520833 0.5026455024414063 0.4650940625 0.4894179892578125 0.45701058203125 0.4805996474609375 0.4474573782552083 0.473434744140625 0.45480599674479166 0.4662698413085937 0.4731775423177083 0.45965608447265627 0.487874779296875 0.45965608447265627 0.501837154296875
8 0.3488756611328125 0.4356995885416666 0.36430776025390627 0.4533362727864583 0.3775352734375 0.45774544401041667 0.388558201171875 0.4503968255208333 0.39186507958984373 0.44451793033854164 0.3935185185546875 0.415858318359375 0.3935185185546875 0.396017048828125 0.3940696650390625 0.390873015625 0.3929673720703125 0.37617577864583335 0.39076278662109376 0.3695620221354166 0.37037037060546874 0.3622134036458333 0.35328483251953124 0.368092298828125 0.3422619047851562 0.3776455026041667 0.3406084658203125 0.40336566731770834 0.34667107568359373 0.41512345703125003 0.3488756611328125 0.4356995885416666
8 0.44367283935546875 0.4327601412760416 0.4475308642578125 0.45701058203125 0.4662698413085937 0.4702380950520833 0.4800485009765625 0.4555408580729167 0.4805996474609375 0.43349500325520834 0.4794973544921875 0.4077748385416667 0.48886684326171875 0.3930776015625 0.49713403857421873 0.38499412109375 0.49603174609375 0.3651528515625 0.48666225732421875 0.348985890625 0.473985890625 0.354129923828125 0.452491181640625 0.346046443359375 0.443121693359375 0.36735743684895833 0.432098765625 0.387933568359375 0.43871252197265626 0.4055702526041667 0.44367283935546875 0.4327601412760416
9 0.6183862431640625 0.27476484440104165 0.6283068784179687 0.2762345677083333 0.6288580249023438 0.2615373307291667 0.6316137568359375 0.25345385091145833 0.6327160493164062 0.24316578515625 0.6305114638671875 0.23214285742187502 0.62610229296875 0.22773368619791667 0.6156305112304687 0.22699882421874998 0.6123236333007812 0.2350823046875 0.615079365234375 0.2585978834635417 0.6183862431640625 0.27476484440104165
8 0.5842151674804688 0.257863021484375 0.5869708994140626 0.24684009375000002 0.5869708994140626 0.2284685481770833 0.5864197529296875 0.21891534375 0.5742945327148438 0.21450617252604165 0.5682319223632812 0.22699882421874998 0.5704365078125 0.24463550846354165 0.57153880078125 0.25712816015625 0.5842151674804688 0.257863021484375
8 0.49908865576171874 0.2628479309895833 0.502734033203125 0.26770843489583335 0.5103285698242187 0.26770843489583335 0.5200495771484375 0.26649330859375003 0.5191382329101563 0.2600126373697917 0.5176193251953125 0.24259583268229168 0.5167079809570313 0.23368490950520834 0.5145815107421875 0.22436894466145832 0.508202099609375 0.21910339908854168 0.5015189072265624 0.226394154296875 0.5006075629882812 0.23773532942708334 0.502734033203125 0.24502608463541667 0.49908865576171874 0.2628479309895833
8 0.47903907861328127 0.27540423177083334 0.491797900390625 0.27540423177083334 0.49635462255859375 0.27337902213541665 0.49635462255859375 0.25515213346354165 0.49908865576171874 0.24462104296875 0.49969621875 0.23530507747395835 0.49696218505859374 0.22841936393229167 0.4857222709960938 0.22477398632812498 0.4799504228515625 0.229634490234375 0.478431515625 0.24138070703125 0.478735296875 0.2592025533854167 0.47903907861328127 0.27540423177083334
0 0.428003791015625 0.2539370078125 0.4261811025390625 0.27054372851562497 0.4258773208007812 0.28431515494791665 0.43924370556640624 0.28674540690104167 0.44714202392578123 0.28391011328125 0.4465344609375 0.264063056640625 0.44714202392578123 0.25758238541666667 0.45109118310546875 0.2511017141927083 0.44714202392578123 0.24219079101562502 0.44440799072265624 0.23368490950520834 0.438636142578125 0.22679919661458334 0.43073782421875 0.22720423828125 0.4258773208007812 0.23368490950520834 0.4243584135742188 0.24664625260416664 0.428003791015625 0.2539370078125
9 0.3809176630859375 0.31226305013020833 0.38790463671875 0.3025420436197917 0.38304413330078124 0.2859353229166667 0.38304413330078124 0.27337902213541665 0.38304413330078124 0.2660882669270833 0.37362690771484375 0.25636725976562497 0.36572858935546876 0.26932860221354166 0.36542480810546873 0.29282103645833335 0.36572858935546876 0.3110479244791667 0.3809176630859375 0.31226305013020833
8 0.3888159814453125 0.2749991901041667 0.40187858447265623 0.27823952539062496 0.40461261767578127 0.26851851822916667 0.40673908837890627 0.2592025533854167 0.406435306640625 0.25029163020833334 0.40430883642578125 0.243000875 0.39914455126953124 0.23571011979166667 0.392765140625 0.23206474218749998 0.38699329248046876 0.24178574869791666 0.3833479150390625 0.2511017141927083 0.384866822265625 0.26446809895833334 0.3888159814453125 0.2749991901041667
8 0.45250066357421875 0.27156068880208334 0.4645310634765625 0.27266693229166666 0.47324273193359373 0.2649232265625 0.47780598681640624 0.252754546875 0.47780598681640624 0.23560777018229165 0.4773911455078125 0.21901411588541667 0.4682646357421875 0.21901411588541667 0.45830844287109374 0.21790787174479168 0.4471077260742187 0.22841718684895831 0.44876709130859377 0.24058586653645833 0.4512561396484375 0.24943581575520835 0.45250066357421875 0.27156068880208334
8 0.01144052685546875 0.4643874641927083 0.02627908349609375 0.4802152578125 0.030730650390625 0.47081750585937504 0.038520892578125 0.4574628046875 0.0440853515625 0.4505381451822917 0.04074667626953125 0.442624248046875 0.038520892578125 0.44015115559895834 0.0225694443359375 0.423334125 0.01626305810546875 0.4272910729166666 0.0062470322265625 0.4267964544270833 0.005876068359375 0.4347103515625 0.005876068359375 0.4500435266927083 0.01144052685546875 0.4643874641927083
8 0.0140372744140625 0.6206869264322917 0.01663402197265625 0.6073322252604166 0.0155211298828125 0.5915044316406249 0.020714625 0.577160494140625 0.021456552734375 0.5697412154947917 0.0233113720703125 0.5667735045572917 0.0047631767578125 0.547483380859375 0.00142450146484375 0.5484726178385416 0.00068257373046875 0.5736981640625 0 0.6242086100260417 0.0140372744140625 0.6206869264322917