9 0.0796253427734375 0.3438784896238651 0.07833933447265624 0.33334578728923475 0.08005401220703125 0.332491784695201 0.07855366943359375 0.3250904267185474 0.073731138671875 0.32651376459143966 0.069658779296875 0.32807943644617377 0.0694444443359375 0.3351961271076524 0.071694958984375 0.3367617989623865 0.072337962890625 0.3457288294422827 0.0796253427734375 0.3438784896238651
1 0.08294753076171875 0.40380102464332035 0.08123285302734375 0.39212965175097275 0.07683899169921875 0.3844436258106355 0.07362397119140625 0.3797466102464332 0.0691229423828125 0.3801736115434501 0.06923010986328125 0.3901369785992218 0.07362397119140625 0.39796533787289234 0.078125 0.4055090304798963 0.08294753076171875 0.40380102464332035
9 0.088627400390625 0.41789207198443584 0.09312842919921875 0.42600509922178986 0.0976294580078125 0.42116574967574577 0.09377143359375 0.4050820285343709 0.09023491064453125 0.39312598832684825 0.08669838818359375 0.39298365499351495 0.0836977021484375 0.39412232555123217 0.08530521240234375 0.4087827081712062 0.08905606982421875 0.40807103891050583 0.088627400390625 0.4124833871595331 0.088627400390625 0.41789207198443584
9 0.104273833984375 0.40607836575875483 0.106631515625 0.4149030616083009 0.11016803857421875 0.41077538132295716 0.11081104248046875 0.3988193411154345 0.111775548828125 0.3922719857328146 0.11488340185546875 0.3918449844357977 0.11209705078125 0.40778637094682235 0.1118827158203125 0.41262572049286644 0.117884087890625 0.41006371206225684 0.11520490380859374 0.39896167509727626 0.1153120712890625 0.38914064202334636 0.113811728515625 0.3791772749675746 0.10791752392578124 0.3776116031128405 0.10298782568359376 0.38344728923476 0.1010588134765625 0.39639966601815824 0.1027734912109375 0.3973960025940337 0.104273833984375 0.40607836575875483
9 0.11595507568359376 0.3939799915693904 0.11659807958984375 0.4008120142671855 0.117884087890625 0.4055090304798963 0.1231352880859375 0.4023776861219196 0.12677897802734375 0.39953101037613487 0.12442129638671875 0.3898523106355382 0.12067043896484375 0.3803159455252918 0.12334962255859375 0.380600612840467 0.12442129638671875 0.37590359727626455 0.1224922841796875 0.3736262561608301 0.117884087890625 0.3723452522697795 0.116490912109375 0.37604593125810637 0.114776234375 0.3791772749675746 0.1156335732421875 0.3871479682230869 0.11595507568359376 0.3939799915693904
9 0.100844478515625 0.32466342477302207 0.10416666650390626 0.3216744150453956 0.1074888544921875 0.32281308560311284 0.10588134423828124 0.3134190538261998 0.10330932763671875 0.3141307230869001 0.10127314794921875 0.3102877101167315 0.09977280517578126 0.30886437159533076 0.098165294921875 0.31114171271076524 0.09827246240234375 0.31754673411154344 0.100201474609375 0.31754673411154344 0.100844478515625 0.32466342477302207
9 0.14478309326171876 0.3548381932555123 0.14949845703125 0.35284551945525294 0.153892318359375 0.35270318612191953 0.15174897119140626 0.34245515175097274 0.1533564814453125 0.3414588145265888 0.15142746923828124 0.334484457846952 0.14735510986328124 0.33263411867704284 0.1496056240234375 0.3379004695201037 0.14564043212890626 0.34088947989623863 0.14531893017578126 0.3384698047989624 0.14338991748046875 0.3351961271076524 0.14135373779296875 0.3394661413748378 0.14124657080078126 0.3494295084306096 0.14446159130859376 0.35014117704280157 0.14478309326171876 0.3548381932555123
9 0.13310185205078126 0.3363347976653696 0.13310185205078126 0.33277645201037614 0.13524519873046875 0.33263411867704284 0.1353523662109375 0.3393238073929961 0.13803155029296876 0.33761580220492865 0.136852708984375 0.33234945071335925 0.13578103564453126 0.3266560985732815 0.1329946845703125 0.32210141634241246 0.13224451318359376 0.3299297762645914 0.130101166015625 0.3346267918287938 0.1312800068359375 0.3416011485084306 0.13310185205078126 0.3363347976653696
7 0.162680041015625 0.32281308560311284 0.1646090537109375 0.316550397535668 0.1611796982421875 0.3070140324254215 0.15764317578125 0.30117834630350193 0.1533564814453125 0.3008936783398184 0.15207047314453126 0.3090067055771725 0.152499142578125 0.31626573022049287 0.15625 0.31897007263294425 0.162680041015625 0.32281308560311284
7 0.16482338818359374 0.37106424773022045 0.16986025390625 0.3723452522697795 0.17468278466796874 0.36722123476005186 0.1733967763671875 0.35626153112840464 0.16911008251953125 0.3468674993514916 0.1638588818359375 0.3514221815823606 0.16278720849609374 0.36038921206225677 0.1638588818359375 0.3685022392996109 0.16482338818359374 0.37106424773022045
7 0.1373885458984375 0.41945774383916995 0.1394247255859375 0.41803440531776914 0.13846021923828125 0.41162938391699094 0.14221107666015625 0.4110600486381323 0.14971279150390626 0.4070747023346304 0.15207047314453126 0.4052243625162127 0.15432098779296874 0.4049396952010376 0.15346364892578124 0.40010034565499353 0.15142746923828124 0.39156031647211414 0.15024862841796874 0.3848706277561608 0.1489626201171875 0.3797466102464332 0.14542609716796875 0.3797466102464332 0.14156807275390626 0.380600612840467 0.137602880859375 0.3835896232166018 0.1339591904296875 0.38771730350194555 0.13406635791015625 0.39597266472114134 0.13449502734375 0.4053666964980545 0.1373885458984375 0.41945774383916995
7 0.16375171484375 0.300182009079118 0.16685956787109374 0.2997550077821012 0.1727537724609375 0.2984740038910506 0.17318244189453125 0.2949156582360571 0.175647291015625 0.2944886569390402 0.17596879296875 0.28623329571984435 0.17318244189453125 0.27883193774319065 0.16986025390625 0.2778356011673152 0.168145576171875 0.2812516121919585 0.164073216796875 0.2796859403372244 0.1611796982421875 0.28295961802853437 0.16107253076171876 0.29320765239948116 0.16128686572265624 0.3000396757457847 0.16375171484375 0.300182009079118
9 0.19408007568359376 0.2875143002594034 0.19633058984375 0.2875143002594034 0.19408007568359376 0.29619666277561607 0.19911694091796875 0.29633899675745784 0.19825960205078125 0.285521626459144 0.19675925927734375 0.2761275953307393 0.19472307958984375 0.27399258819714656 0.19268689990234375 0.27555826005188067 0.19118655712890625 0.280255275616083 0.19097222216796875 0.2949156582360571 0.19215106298828125 0.29505799221789886 0.19408007568359376 0.2875143002594034
9 0.2759559326171875 0.3283641044098573 0.28442215380859376 0.3282217704280156 0.28742283935546875 0.32437875745784694 0.2837791494140625 0.31213804928664074 0.2861368310546875 0.31156871400778213 0.2841006513671875 0.30274401815823604 0.28045696142578125 0.29576966147859923 0.27692043896484375 0.29463099092088196 0.27424125537109373 0.3007513443579767 0.2709190673828125 0.3008936783398184 0.2701688955078125 0.31427305642023345 0.2730624140625 0.3151270596627756 0.2759559326171875 0.3283641044098573
9 0.2950317216796875 0.33391512256809336 0.296532064453125 0.3245210914396887 0.296532064453125 0.31911240661478596 0.29899691357421876 0.3202510765239948 0.2991040810546875 0.32537509403372245 0.297175068359375 0.33419979053177695 0.30328360791015624 0.33234945071335925 0.3031764404296875 0.32437875745784694 0.3028549384765625 0.3161233962386511 0.30189043212890626 0.3077257016861219 0.30017575439453126 0.3018900149156939 0.29781807275390626 0.3013206796368353 0.293852880859375 0.30573302788586254 0.2933170439453125 0.3144153904020752 0.29267403955078125 0.3330611199740596 0.2950317216796875 0.33391512256809336
9 0.30531978759765627 0.3332034539559014 0.3061771259765625 0.34359382230869 0.3061771259765625 0.3519915168612192 0.31035665283203123 0.3536995226977951 0.3171081962890625 0.35270318612191953 0.3194658779296875 0.3507105123216602 0.3186085390625 0.33590779636835283 0.32021604931640624 0.334484457846952 0.31796553515625 0.325659761997406 0.314857681640625 0.32124741374837873 0.31228566552734377 0.3202510765239948 0.308749142578125 0.3242364234760052 0.30628429345703123 0.3216744150453956 0.304676783203125 0.32736776718547345 0.30531978759765627 0.3332034539559014
9 0.32664609033203124 0.30430969001297015 0.3252529150390625 0.3064446971465629 0.3258959189453125 0.31626573022049287 0.3279320986328125 0.32053574448767835 0.3308256171875 0.32181674902723734 0.33211162548828127 0.30857970428015563 0.3347908095703125 0.30758336770428013 0.334576474609375 0.31327671984435795 0.33350480126953125 0.3203934105058366 0.3368269892578125 0.3155540609597925 0.33586248291015625 0.30957604085603113 0.3355409809570313 0.3044520239948119 0.33532664599609374 0.2984740038910506 0.33350480126953125 0.29406165564202336 0.3320044580078125 0.2939193216601816 0.33018261328125 0.30046667704280156 0.33018261328125 0.30744103372243836 0.32868227001953126 0.3040250220492866 0.32664609033203124 0.30430969001297015
9 0.365119169921875 0.3250904267185474 0.36887002734375 0.3270830998702983 0.37497856640625 0.3260867632944228 0.375300068359375 0.31697739948119324 0.3734782236328125 0.30957604085603113 0.37369255810546875 0.3028863514915694 0.37294238671875 0.2996126738002594 0.37037037060546874 0.2997550077821012 0.369191529296875 0.3013206796368353 0.3700488681640625 0.30530602658884565 0.370263203125 0.31057237743190663 0.3676911865234375 0.31114171271076524 0.36608367626953126 0.30587536186770425 0.36661951318359376 0.30174768158236054 0.3646905004882813 0.3044520239948119 0.3640474965820312 0.3109993793774319 0.3642618310546875 0.316550397535668 0.365119169921875 0.3250904267185474
5 0.3615826474609375 0.23072310894941633 0.3623328188476562 0.22303708300907912 0.36436899853515625 0.22360641828793776 0.3639403291015625 0.23129244422827494 0.36694101513671873 0.23157711219195848 0.3659765087890625 0.2211867438391699 0.3640474965820312 0.21734373086900127 0.3611539780273437 0.21720139688715953 0.35793895751953125 0.2176283981841764 0.35676011669921875 0.2221830804150454 0.3577246225585938 0.2243180875486381 0.359010630859375 0.2302961076523995 0.3615826474609375 0.23072310894941633
9 0.38494513037109374 0.21947873800259404 0.3850522978515625 0.22417575356679637 0.38676697509765623 0.21563572503242542 0.38987482861328127 0.21549339105058368 0.39244684521484374 0.21407005317769132 0.39073216748046874 0.20681102853437094 0.38719564453125 0.20624169325551234 0.3845164609375 0.20809203307392996 0.38440929345703123 0.21264671530479895 0.38494513037109374 0.21947873800259404
7 0.386874142578125 0.2419674805447471 0.3877314814453125 0.24652216212710767 0.3952331962890625 0.2428214831387808 0.395018861328125 0.23883613618677044 0.39330418359375 0.23399678664072632 0.39534036328125 0.23214644747081714 0.3941615224609375 0.22716476394293128 0.39169667333984376 0.2243180875486381 0.38955332666015624 0.222752415693904 0.38612397119140623 0.22417575356679637 0.38408779150390626 0.22659542866407262 0.38548096728515624 0.2317194455252918 0.386874142578125 0.23670112905317767 0.386874142578125 0.2419674805447471
7 0.4130229765625 0.2324311147859922 0.4196673525390625 0.23115011089494164 0.42191786669921877 0.2301537736705577 0.41848851171875 0.21905173670557718 0.4211676953125 0.21748606485084307 0.4189171811523438 0.21350071789883268 0.414094650390625 0.21307371660181582 0.4098079560546875 0.21492405577172502 0.410022291015625 0.2209020758754864 0.41227280517578124 0.22147141115434502 0.41227280517578124 0.22801876653696498 0.4130229765625 0.2324311147859922
7 0.4299554184570312 0.23001144033722437 0.43681412890625 0.22688009597924774 0.43606395751953125 0.21805540012970168 0.43777863525390626 0.21634739429312583 0.4369212963867187 0.2099423728923476 0.4339206103515625 0.20780736511024644 0.42963391650390625 0.20809203307392996 0.42845507568359376 0.2092307036316472 0.42802640625 0.21478172243839172 0.42888374462890627 0.21777073216601814 0.4298482509765625 0.22559909208819715 0.4299554184570312 0.23001144033722437
7 0.43863597412109373 0.23926313813229572 0.4497813784179687 0.24011714072632945 0.447316529296875 0.23285811608300908 0.45063871728515625 0.23100777691309987 0.4475308642578125 0.22360641828793776 0.4434585048828125 0.22246774773022052 0.440564986328125 0.2221830804150454 0.43777863525390626 0.22474508884565497 0.436171125 0.23129244422827494 0.4393861455078125 0.2318617795071336 0.43863597412109373 0.23926313813229572
9 0.44152949267578123 0.2099423728923476 0.4474236967773437 0.2099423728923476 0.4463520234375 0.20638402723735408 0.44495884765625 0.20197167898832685 0.44763803173828126 0.19997900583657588 0.44892403955078125 0.19713232944228273 0.4474236967773437 0.19229297989623867 0.44560185205078123 0.1903003067444877 0.44356567236328126 0.19129664332036317 0.44067215380859376 0.19101197535667963 0.4387431411132813 0.1951396562905318 0.4379929697265625 0.20012133981841765 0.4400291494140625 0.20097534241245135 0.44152949267578123 0.2099423728923476
9 0.4638203017578125 0.22801876653696498 0.4638203017578125 0.23399678664072632 0.47100051416015626 0.23214644747081714 0.4699288408203125 0.22360641828793776 0.473143861328125 0.222752415693904 0.47153635107421876 0.21563572503242542 0.46832133056640624 0.21478172243839172 0.4661779833984375 0.21492405577172502 0.4638203017578125 0.21478172243839172 0.460926783203125 0.21748606485084307 0.45867626904296876 0.22204074643320362 0.4617841220703125 0.2234640849546044 0.4638203017578125 0.22801876653696498
3 0.4852537724609375 0.23058077561608303 0.4902906376953125 0.22944210505836576 0.48975480126953125 0.22317941699092086 0.48900462939453126 0.21549339105058368 0.48804012353515625 0.2107963754863813 0.48568244189453125 0.21364305188067445 0.48257458837890627 0.21421238715953306 0.4804312412109375 0.21165037808041506 0.48000257177734373 0.21919407068741892 0.4832175927734375 0.22232541439688716 0.48514660498046874 0.22688009597924774 0.4852537724609375 0.23058077561608303
9 0.4830032578125 0.23912080415045397 0.4852537724609375 0.23783979961089494 0.4850394375 0.23200411348897534 0.4818244169921875 0.23043844163424124 0.4797882373046875 0.23428145460440986 0.47871656396484374 0.2364164617380026 0.47668038427734377 0.23228878080415047 0.47646604931640624 0.24040180804150454 0.477216220703125 0.2469491634241245 0.4836462622070313 0.24709149740596628 0.4830032578125 0.23912080415045397
9 0.4982210219726563 0.25548919260700387 0.4981138544921875 0.2616095460440986 0.5084019204101563 0.26118254474708175 0.5055084018554687 0.250507509079118 0.5058299038085937 0.24794550064850843 0.50947359375 0.24680683009079116 0.5077589165039063 0.24025947470817122 0.504436728515625 0.23712813099870297 0.49789952001953125 0.23613179377431906 0.4957561728515625 0.24267914915693906 0.4970421811523438 0.24936883852140077 0.4982210219726563 0.25548919260700387
7 0.5720593276367187 0.23399678664072632 0.5728094995117188 0.2419674805447471 0.5790252055664062 0.2436754857328145 0.5814900546875 0.2425368158236057 0.5809542182617188 0.23926313813229572 0.5822402265625 0.23684346303501946 0.5841692387695312 0.2364164617380026 0.5839549038085937 0.2295844383916991 0.5803112138671875 0.22645309468223088 0.5752743486328125 0.2251720907911803 0.5712019892578125 0.22744943125810635 0.5673439643554687 0.23228878080415047 0.5701303154296875 0.23499312321660182 0.5720593276367187 0.23399678664072632
9 0.5985296640625 0.2735655862516213 0.6081747255859375 0.27555826005188067 0.6102109052734375 0.27014957522697797 0.609675068359375 0.26402922114137484 0.6126757543945313 0.263602219844358 0.6136402607421875 0.2616095460440986 0.6111754116210938 0.2552045246433204 0.6079603911132813 0.2540658540856031 0.5977794926757812 0.2550621906614786 0.5934927983398437 0.2599015408560311 0.5962791494140625 0.26303288456549934 0.5976723251953125 0.26915323865110247 0.5985296640625 0.2735655862516213
9 0.6054955419921875 0.24111347730220495 0.6126757543945313 0.2421098138780804 0.6114969135742188 0.23670112905317767 0.6143904321289062 0.23670112905317767 0.6126757543945313 0.22787643320363166 0.6091392319335938 0.2253144241245136 0.6053883745117188 0.2244604215304799 0.6017446845703125 0.22816110051880673 0.599494169921875 0.23200411348897534 0.6030306928710938 0.23527779118028536 0.6054955419921875 0.24111347730220495
8 0.620927640625 0.25975920687418935 0.62564300390625 0.26274821660181585 0.6308942045898438 0.2660218942931258 0.63175154296875 0.2522155149156939 0.633466220703125 0.24581049351491568 0.6323945473632813 0.24267914915693906 0.6291795268554687 0.2450988242542153 0.625 0.24652216212710767 0.6218921469726563 0.24524115823605705 0.61953446484375 0.24182514656290532 0.6196416323242188 0.24623749481193255 0.6210348081054687 0.25335418547341115 0.620927640625 0.25975920687418935
9 0.646433470703125 0.24823016796368352 0.6561856997070312 0.25008050778210117 0.6557570302734375 0.24396015369649804 0.6555426953125 0.24040180804150454 0.658650548828125 0.24040180804150454 0.65693587109375 0.2348507898832685 0.6533993486328125 0.23257344876783398 0.6498628256835938 0.23115011089494164 0.6462191357421875 0.23271578274967575 0.646433470703125 0.23940547146562904 0.6475051440429688 0.2443871549935149 0.646433470703125 0.24823016796368352
2 0.8618092299804687 0.38259328664072634 0.8680555556640625 0.40308935538262003 0.8766901821289063 0.3860092976653696 0.8752204584960938 0.37332125551232165 0.8847736625976562 0.37136924902723734 0.8827527924804688 0.34599316342412456 0.8774250439453125 0.33720913359273674 0.8682392709960938 0.3398931426718547 0.85960464453125 0.3333051206225681 0.855562904296875 0.3416011485084306 0.8570326279296875 0.3559971971465629 0.8575837744140625 0.3711252477302205 0.8618092299804687 0.38259328664072634
2 0.8342519106445313 0.3952813294422828 0.8331496176757812 0.4062613657587548 0.82947530859375 0.4113853832684825 0.8386610815429687 0.41797340531776916 0.8518885947265625 0.39430532555123216 0.8550117578125 0.3711252477302205 0.8515211640625 0.3567291997405966 0.8421516752929687 0.34574916277561607 0.8333333334960937 0.3518491828793774 0.8325984716796875 0.3608772133592737 0.8344356259765625 0.37527326199740596 0.8342519106445313 0.3952813294422828
2 0.7978762490234375 0.3855212963683528 0.7991622573242187 0.3950373281452659 0.80155055859375 0.40430935927367057 0.8206569663085937 0.40918937613488976 0.8303938857421875 0.4074813702983139 0.83296590234375 0.3938173242542153 0.8327821870117188 0.3723452522697795 0.8291078779296875 0.3538011893644617 0.8199221044921875 0.3452611608300908 0.8111037626953125 0.34477315953307397 0.8041225751953125 0.3452611608300908 0.7982436801757813 0.3520931841763943 0.7938345092773438 0.3716132496757458 0.7908950615234375 0.3813732821011673 0.7978762490234375 0.3855212963683528
2 0.6492504409179688 0.34599316342412456 0.6554967666015625 0.3816172833981842 0.665049970703125 0.38649729961089496 0.6751543208007813 0.40479736121919585 0.6773589067382813 0.42260942088197145 0.679012345703125 0.4374934708171206 0.6933421518554688 0.43798147276264593 0.6966490297851563 0.43163745136186776 0.6960978837890625 0.42065741439688714 0.706937095703125 0.422365420233463 0.7181437387695313 0.4167534014267185 0.71906231640625 0.3940613249027237 0.7168577309570312 0.3662452315175097 0.7091416811523438 0.3455051614785992 0.6944444443359375 0.3281811037613489 0.679012345703125 0.3169570654993515 0.66449882421875 0.3093930402075227 0.6507201645507813 0.30134101297016863 0.6450249853515625 0.3079290356679637 0.6442901235351562 0.3206170778210117 0.6492504409179688 0.34599316342412456
2 0.5843988828125 0.5180137418936446 0.5967078188476562 0.5287497782101168 0.606995884765625 0.5270417723735409 0.6130584951171875 0.5382658099870299 0.6180188125 0.5470498391699092 0.6321649028320312 0.5475378411154345 0.6466784243164062 0.5494898476005188 0.6637639624023437 0.5472938404669261 0.6775426220703125 0.546073835927367 0.6791960610351563 0.5289937788586251 0.6828703706054687 0.5221617555123216 0.692974720703125 0.5165497367055771 0.7043650795898437 0.5148417308690013 0.6995884775390625 0.5011776854734112 0.692974720703125 0.46921357782101164 0.687095826171875 0.4499375129701686 0.6692754262695313 0.44456949481193253 0.6582524985351562 0.4401774798962387 0.6589873603515625 0.4821456212710766 0.6588036450195313 0.5206977509727626 0.6531084658203125 0.5363138035019456 0.6341857729492187 0.539241813229572 0.6301440327148438 0.5297257814526589 0.6332671958007813 0.4950776647211414 0.6343694887695313 0.4706775823605707 0.6303277485351563 0.45091351621271075 0.62610229296875 0.4435934915693904 0.6128747797851563 0.45359752529182884 0.6020355673828125 0.46799357392996105 0.5900940625 0.4982496750972763 0.5843988828125 0.5180137418936446
9 0.50999412109375 0.4906856498054475 0.5121987065429687 0.5031296919584954 0.5166078779296875 0.5097177140077821 0.5246913579101562 0.5053256990920881 0.5285493828125 0.49410166147859924 0.5287330981445313 0.4770216037613489 0.5254262197265624 0.4618935531776913 0.5223030571289062 0.4567695356679637 0.5177101704101562 0.45896554345006485 0.5101778364257813 0.46213755382619975 0.5041152265625 0.46994558041504536 0.5026455024414063 0.4745815959792477 0.5072383891601563 0.480925617380026 0.50999412109375 0.4906856498054475
9 0.4862948266601563 0.5175257399481193 0.49033656689453126 0.5260657691309987 0.496582892578125 0.5282617762645915 0.5085243974609375 0.5226497574578469 0.507054673828125 0.5072777055771724 0.5041152265625 0.49751767315175094 0.5046663725585937 0.4899536472114137 0.49933862451171873 0.4840976277561608 0.4951131689453125 0.4840976277561608 0.49217372119140623 0.4880016407263294 0.485008818359375 0.4911736517509728 0.480415931640625 0.49580966731517506 0.47729276904296875 0.5080097081712062 0.48427395654296873 0.5121577224383917 0.4862948266601563 0.5175257399481193
2 0.4719650205078125 0.5304577833981842 0.46718841845703124 0.5443658307392996 0.4719650205078125 0.553149859922179 0.4760067607421875 0.5704739182879378 0.48280423291015623 0.5724259247730221 0.484457671875 0.5551018664072633 0.4829879482421875 0.5424138236057069 0.48721340380859374 0.543389826848249 0.49015285107421874 0.5309457853437094 0.482620517578125 0.5275297736705578 0.47214873583984374 0.5258217678339818 0.4719650205078125 0.5304577833981842
2 0.46222810107421874 0.593409995460441 0.4633303940429688 0.5875539753566796 0.46075837744140624 0.5812099546044098 0.45377718994140626 0.5812099546044098 0.44624485595703123 0.586333971465629 0.44863315673828125 0.5990220142671855 0.45322604345703127 0.6009740207522698 0.46222810107421874 0.593409995460441
9 0.392048794921875 0.7361504753566797 0.41372721923828126 0.7249264377431907 0.4267710170898438 0.7207784234760052 0.4359567900390625 0.7139464007782101 0.43724279833984375 0.7000383540856031 0.42934303369140625 0.6810062898832685 0.4249338623046875 0.6570942094682231 0.4260361552734375 0.6424541601815823 0.4284244560546875 0.6273261095979248 0.4249338623046875 0.6148820674448767 0.41776895947265624 0.6124420590142672 0.4117063491210938 0.6219580914396887 0.40582745458984376 0.6395261504539559 0.406011169921875 0.6483101796368352 0.4028880068359375 0.6597782185473411 0.3959068193359375 0.6653902373540856 0.38727219287109377 0.6661222399481193 0.3760655498046875 0.6744182678339818 0.3755144033203125 0.6810062898832685 0.3830467373046875 0.6929623300907912 0.392048794921875 0.7361504753566797
8 0.251506466796875 0.7910506601815824 0.25720164599609374 0.7995906887159533 0.26473397998046877 0.813010733463035 0.275940623046875 0.8127667328145266 0.28034979443359376 0.8039827036316471 0.28328924169921876 0.7898306556420234 0.28677983544921876 0.8010546932555124 0.29394473828125 0.8071547140077822 0.3058862431640625 0.8095947224383917 0.31121399169921876 0.8059347101167315 0.3071722514648437 0.7910506601815824 0.30037477978515625 0.7900746569390403 0.29872134033203124 0.7732385998702983 0.29486331591796877 0.7566465440985732 0.2895355673828125 0.745178505836576 0.2788800703125 0.7341984688715953 0.26877572021484375 0.7229744312581063 0.2610596708984375 0.725170438391699 0.2544459140625 0.7412744922178988 0.24930188134765624 0.7620145622568093 0.24764844189453125 0.7790946199740597 0.251506466796875 0.7910506601815824