1 0.08251953125 0.4032747795071336 0.08251953125 0.3994760564202335 0.0794535947265625 0.38791155123216603 0.0745720126953125 0.3795458093385214 0.06874560791015626 0.38038238326848245 0.0706352529296875 0.39293099675745785 0.076146716796875 0.4000418780804151 0.0787946279296875 0.4046692607003891 0.08015715283203124 0.4046692607003891 0.08251953125 0.4032747795071336
9 0.092937544921875 0.4260700389105058 0.0940978251953125 0.4260700389105058 0.09521484375 0.42377725940337224 0.09521484375 0.42283694228274965 0.0903827783203125 0.410803784695201 0.094162068359375 0.4097580667963684 0.09180001220703125 0.39825517120622567 0.08786325244140625 0.3953271614785992 0.08471384521484375 0.39616373540856037 0.08581613720703125 0.410803784695201 0.08880807470703125 0.4214701063553827 0.092937544921875 0.4260700389105058
9 0.117604794921875 0.42477302204928663 0.1229230576171875 0.42477302204928663 0.12408151123046875 0.41661846757457843 0.1239516123046875 0.4040240817120623 0.1279296875 0.4006053709468223 0.1279296875 0.39902351556420235 0.124601111328125 0.38987696303501945 0.11914531884765625 0.38815170428015566 0.11226062841796874 0.39108464396887155 0.10862343310546875 0.39953840985732814 0.108493533203125 0.40971743385214004 0.1114812294921875 0.40937238261997405 0.1134297265625 0.41661846757457843 0.117604794921875 0.42477302204928663
9 0.07042401806640625 0.3463035019455253 0.073376201171875 0.3463035019455253 0.078125 0.34535743774319067 0.078125 0.34444746303501944 0.07693562548828126 0.33481152269779507 0.0781047236328125 0.3330862645914397 0.0761562265625 0.32773796368352787 0.07173963232421875 0.32653028274967577 0.0681024375 0.32998079961089494 0.06771273779296876 0.33757193579766537 0.07018083447265624 0.3377444617380026 0.07042401806640625 0.3463035019455253
7 0.08623502587890625 0.31712062256809337 0.08842656298828125 0.31712062256809337 0.09304091455078126 0.31499920881971466 0.09239141552734376 0.3049927101167315 0.095703125 0.31014949221789884 0.095703125 0.3039828955901427 0.0925213154296875 0.298781780155642 0.08966351904296875 0.2967114701686122 0.086935623046875 0.2994718839169909 0.0844675263671875 0.2992993579766537 0.0822592294921875 0.3065454429312581 0.08212932958984374 0.30965090791180283 0.08602632421875 0.3131014241245136 0.08623502587890625 0.31712062256809337
9 0.140625 0.3636526134889754 0.140625 0.36075433073929963 0.138104263671875 0.3486727658884566 0.13498666845703125 0.34781013683527884 0.13316807080078125 0.3490178171206226 0.13316807080078125 0.36092209987029833 0.13602586669921876 0.3616122036316472 0.1370161474609375 0.36835278858625164 0.13730057666015624 0.36835278858625164 0.140625 0.3636526134889754
7 0.143965845703125 0.38461896238651105 0.14292664697265625 0.39462546044098573 0.142147248046875 0.3992836575875486 0.14591434326171876 0.39945618287937745 0.14786284033203126 0.4030792263294423 0.15409803173828124 0.4022165972762646 0.1539894453125 0.4059662775616083 0.158203125 0.4059662775616083 0.158203125 0.40528180090791177 0.15682592822265626 0.38582664202334627 0.15383823193359375 0.3756476180285344 0.1513701357421875 0.37254215369649807 0.14942163818359375 0.37582014396887164 0.1464339423828125 0.37720035149156933 0.14487514453125 0.3766827736705577 0.143965845703125 0.38461896238651105
7 0.1646063076171875 0.3981841763942931 0.16628064111328125 0.3981841763942931 0.173828125 0.39317209792477303 0.173828125 0.387897953307393 0.173555669921875 0.38524431387808045 0.16991847509765626 0.3709246699092088 0.16654107958984374 0.3707521439688716 0.16329358447265624 0.3719598249027237 0.16238428564453125 0.38196632295719846 0.16147498681640626 0.3890398826199741 0.162514185546875 0.39697607068741897 0.1646063076171875 0.3981841763942931
7 0.15864303857421874 0.3236057068741894 0.16357421875 0.32018219714656293 0.16357421875 0.31007364461738 0.160218794921875 0.3044670920881971 0.15684139990234375 0.30067152399481195 0.1546331025390625 0.3008440499351491 0.153593904296875 0.30256930804150456 0.15255470556640624 0.31085054798962386 0.154373302734375 0.3210295719844358 0.157282775390625 0.3236057068741894 0.15864303857421874 0.3236057068741894
7 0.17220664599609375 0.3002594033722438 0.1792725009765625 0.29683332295719844 0.1792725009765625 0.2901048158236057 0.1806640625 0.2859735544747082 0.1806640625 0.28211542347600516 0.1778436025390625 0.277165378080415 0.17446620751953126 0.28009831712062255 0.17043931298828124 0.2780280071335927 0.16706191748046875 0.2828587308690013 0.1668021181640625 0.2926927029831388 0.16888051513671876 0.2933828067444877 0.17092747119140625 0.3002594033722438 0.17220664599609375 0.3002594033722438
9 0.2737225380859375 0.29611649286640723 0.27268333984375 0.3019823709468223 0.27398233837890623 0.3125064468223087 0.2759308349609375 0.31216139494163425 0.278009232421875 0.31819979961089495 0.27761953271484374 0.3252733579766537 0.2817158720703125 0.32684824902723736 0.28260745361328127 0.32684824902723736 0.28515372216796875 0.3109537140077821 0.2881414189453125 0.3104361368352789 0.28593312109375 0.32561840985732815 0.2900390625 0.32231338845654994 0.2900390625 0.31964719844357975 0.28970021630859377 0.31492180869001296 0.28801151904296873 0.2993944837872892 0.2839846240234375 0.2923209241245136 0.2819062270507813 0.2921483981841764 0.28008762939453125 0.29680659597924774 0.2772298330078125 0.29766922503242543 0.27515143603515624 0.2955989143968872 0.2737225380859375 0.29611649286640723
9 0.306370662109375 0.3456549935149157 0.31358312109375 0.3456549935149157 0.31640625 0.3454176815823605 0.31640625 0.3439876206225681 0.3144011650390625 0.3300458002594034 0.3134918662109375 0.3169338372243839 0.3103742705078125 0.3152085791180285 0.3046875 0.3181267282749676 0.3046875 0.31837119130998703 0.30556797705078126 0.3253876031128405 0.30712677490234375 0.3259051802853437 0.306370662109375 0.3456549935149157
9 0.3334329809570313 0.30851909143968875 0.3323937822265625 0.316800331387808 0.33209272314453125 0.31906614785992216 0.3376058603515625 0.31906614785992216 0.337890625 0.31641868482490276 0.337890625 0.31098335927367055 0.3346020791015625 0.30420594552529184 0.33434227978515624 0.2993752224383917 0.33070508447265623 0.2960972315175097 0.3244698930664062 0.3007554293125811 0.3274778969726562 0.31906614785992216 0.32960406884765625 0.31906614785992216 0.33044528466796874 0.30869161738002593 0.3334329809570313 0.30851909143968875
9 0.36767578125 0.3124285382619974 0.36767578125 0.30980992542153046 0.36596831396484375 0.30563246433203634 0.362720818359375 0.302527 0.35440722998046875 0.3082203514915694 0.35661552685546877 0.3204696861219196 0.3581121005859375 0.33073929961089493 0.365458556640625 0.33073929961089493 0.3658384140625 0.31425875551232163 0.36767578125 0.3124285382619974
5 0.3583165268554688 0.22418944811932556 0.35866966455078125 0.22899687872892346 0.36011304541015626 0.22957198443579765 0.361643583984375 0.22957198443579765 0.36370187060546877 0.22653453631647213 0.36379015478515625 0.2233686673151751 0.36617383154296873 0.22254788651102464 0.365467556640625 0.21762320168612193 0.3622893212890625 0.21633340337224385 0.35884623291015627 0.21691967509727628 0.356639125 0.22254788651102464 0.3583165268554688 0.22418944811932556
9 0.38734814208984375 0.21691655252918288 0.3906146611328125 0.21468871854734112 0.39208984375 0.21501526134889754 0.39208984375 0.208351813229572 0.38867240673828124 0.20659816536964978 0.3848761806640625 0.20777070946822307 0.38302221044921875 0.21058481517509728 0.3846996118164063 0.22102045654993513 0.385300837890625 0.2237354085603113 0.38622078759765627 0.2237354085603113 0.38664186669921874 0.22289652658884565 0.38734814208984375 0.21691655252918288
7 0.388022814453125 0.2457846952010376 0.393089138671875 0.2457846952010376 0.3955078125 0.2423581887159533 0.3955078125 0.24190106549935148 0.394416138671875 0.23454003112840469 0.3942395703125 0.23266396108949416 0.3955078125 0.2321280123216602 0.3955078125 0.22960521271076526 0.3942395703125 0.22539418806744488 0.390708197265625 0.22480791634241243 0.38770653125 0.22504242477302205 0.384969716796875 0.2270357496757458 0.38558770703125 0.23219494228274967 0.38708854052734376 0.23571257522697794 0.38655883447265627 0.24309960246433202 0.388022814453125 0.2457846952010376
7 0.417551517578125 0.22568093385214008 0.41921662109375 0.22147908560311286 0.41921662109375 0.21643714656290533 0.4208984375 0.21623408365758753 0.4208984375 0.2156837879377432 0.41956975830078125 0.2130367691309987 0.41515554248046876 0.2118642250324254 0.41215387548828125 0.21233324254215305 0.4112710327148438 0.21444382166018158 0.4104764736328125 0.21831321725032427 0.41259529736328127 0.2206583047989624 0.4131885029296875 0.22568093385214008 0.417551517578125 0.22568093385214008
7 0.4366453974609375 0.21823251361867704 0.4384765625 0.2164637477302205 0.4384765625 0.21577610505836578 0.4372633876953125 0.20943843320363165 0.435555263671875 0.20881971465629054 0.43481942236328125 0.20881971465629054 0.4304654951171875 0.20955568806744487 0.4283466713867187 0.21319057457846952 0.42967093603515627 0.21881878534370947 0.43018760791015626 0.22568093385214008 0.4319168344726563 0.22568093385214008 0.43717510302734375 0.22515052269779506 0.4380579462890625 0.2219846543450065 0.4366453974609375 0.21823251361867704
7 0.44379944140625 0.23912875356679636 0.4464580791015625 0.23929961089494164 0.44923199072265624 0.23929961089494164 0.4475956669921875 0.23209348962386514 0.4501953125 0.23031482295719846 0.4501953125 0.22928115629053175 0.44794880419921873 0.22341666407263294 0.44406429443359374 0.22200961089494164 0.44088605908203127 0.22247862840466928 0.4380609609375 0.22552724319066147 0.436206990234375 0.2316244721141375 0.438678951171875 0.23256250713359272 0.43859066650390627 0.2380734636835279 0.44379944140625 0.23912875356679636
7 0.453754822265625 0.20474737808041504 0.45556640625 0.20414586640726332 0.45556640625 0.20311968677042802 0.45401967529296877 0.2012297457846952 0.45036266796875 0.20038910505836577 0.449168220703125 0.20038910505836577 0.4450146748046875 0.20380934241245136 0.44536781201171877 0.20638893968871597 0.4473983515625 0.20615443060959793 0.4481046259765625 0.2126034221789883 0.45278391357421877 0.2133592736705577 0.45462961328125 0.2133592736705577 0.45454938134765627 0.210375588845655 0.453754822265625 0.20474737808041504
9 0.46014907958984375 0.22258261478599223 0.46270932470703124 0.22445868547341116 0.46403358984375 0.22739004474708172 0.46427876953125 0.23216601815823606 0.46779696728515624 0.23216601815823606 0.472862021484375 0.23161120363164722 0.4719791782226562 0.22469319390402073 0.47189089404296874 0.22199634241245136 0.47445113916015624 0.22152732490272375 0.47189089404296874 0.2141402989623865 0.46703525634765625 0.2146093158236057 0.4641218740234375 0.21566460570687418 0.46014907958984375 0.22258261478599223
9 0.4853515625 0.2368195278858625 0.48387031787109375 0.23033898378728923 0.48007409228515624 0.23033898378728923 0.4779775341796875 0.23022049286640725 0.47589601025390627 0.23022049286640725 0.4738059052734375 0.23866404604409855 0.47618958203125 0.23889855512321662 0.4761012973632813 0.24276795006485086 0.477773830078125 0.24643320363164722 0.48314723876953125 0.24643320363164722 0.48272262109375 0.23831228274967572 0.4853515625 0.23691563683527886 0.4853515625 0.2368195278858625
3 0.4830025756835937 0.22548556874189365 0.49085988037109374 0.2261890953307393 0.4935084096679688 0.2237267522697795 0.49262556640625 0.2145809092088197 0.4951171875 0.21227447341115435 0.4951171875 0.20724272568093385 0.494920958984375 0.2050833028534371 0.4927138510742187 0.20555232101167314 0.4925372822265625 0.21012524254215306 0.490771595703125 0.2124703307392996 0.48882934033203124 0.21082876848249027 0.48167831103515624 0.2130566018158236 0.4817665952148438 0.21985735797665368 0.4830025756835937 0.22548556874189365
9 0.5099508569335938 0.26059728728923476 0.5082734545898437 0.25379653242542155 0.50677262109375 0.24676126848249028 0.51025390625 0.2453301374837873 0.51025390625 0.24443019584954603 0.5082734545898437 0.23738091634241246 0.5048303657226563 0.23503582814526588 0.49856217919921875 0.23585660894941635 0.49755859375 0.24344392931258105 0.49755859375 0.24567385667963684 0.49945743359375 0.2607003891050584 0.5084241650390625 0.2607003891050584 0.5099508569335938 0.26059728728923476
7 0.5699549682617188 0.2496757457846952 0.5813506123046875 0.2496757457846952 0.581780302734375 0.24962682944228276 0.5801028999023438 0.2387221699092088 0.58203125 0.23812457328145265 0.58203125 0.2309079785992218 0.5781606450195312 0.22805202010376133 0.573481576171875 0.22676222178988328 0.56915564453125 0.22945907263294424 0.566153978515625 0.235439046692607 0.5684493706054687 0.23790138910505837 0.5694204970703125 0.23708060830090794 0.5703916245117188 0.24341234630350195 0.5699549682617188 0.2496757457846952
9 0.610584185546875 0.24254215304798962 0.6139951108398437 0.24254215304798962 0.614069970703125 0.23945998443579766 0.6129222744140626 0.23723215110246434 0.615234375 0.23712626134889753 0.615234375 0.23573844552529183 0.6139816865234375 0.2287898346303502 0.6100088916015625 0.22703101750972765 0.6063892348632812 0.22597572827496756 0.604623548828125 0.2264447457846952 0.6022398720703125 0.23007963229571987 0.6038289892578125 0.23559058884565498 0.6055946762695312 0.24110154539559017 0.610584185546875 0.24254215304798962
9 0.6519712670898438 0.2503242542153048 0.6551359716796875 0.2503242542153048 0.6567951489257813 0.24952849935149157 0.6557357373046875 0.24296225291828794 0.655824021484375 0.23850658625162127 0.658203125 0.2380707522697795 0.658203125 0.2375564040207523 0.6567068647460937 0.23358190142671853 0.6526457856445312 0.2313540680933852 0.6482315693359375 0.23123681322957199 0.6455830400390625 0.23287837548638132 0.644700197265625 0.23850658625162127 0.647172158203125 0.23944462191958496 0.6472604418945312 0.2482387010376135 0.6519712670898438 0.2503242542153048
9 0.5053462641601563 0.46693651297016864 0.5010203325195313 0.47526157587548634 0.5057876860351562 0.4784274435797666 0.5078182255859375 0.48358663748378733 0.509937048828125 0.4939050252918288 0.5109081762695312 0.5009402885862516 0.513203568359375 0.5079755525291829 0.5192465302734375 0.5090791180285343 0.5204445102539063 0.5090791180285343 0.5256516572265625 0.5036371394293125 0.5292713149414062 0.4923807172503243 0.5283001870117188 0.4790137166018158 0.5260047944335937 0.46459142477302207 0.5220320004882812 0.45743890661478603 0.51673494140625 0.45966674059662777 0.510819892578125 0.46236359208819716 0.5053462641601563 0.46693651297016864
9 0.478734521484375 0.5106655337224384 0.48544413037109374 0.5138314014267186 0.48844579638671876 0.5202803936446174 0.4903880512695313 0.525791350843061 0.4949244638671875 0.5272373540856031 0.5034839770507813 0.5272373540856031 0.5068972192382812 0.5261431141374838 0.509765625 0.5180755992217899 0.509765625 0.5170282373540855 0.5068089345703125 0.5021059623865111 0.5048666796875 0.4910840486381323 0.4994813369140625 0.48416603955901427 0.4942725615234375 0.4848695661478599 0.4868566787109375 0.4899115051880674 0.4860621201171875 0.49202208430609595 0.4800587861328125 0.4985883300907912 0.478734521484375 0.5106655337224384
2 0.48240669091796873 0.560831747081712 0.48558492626953126 0.5577831329442282 0.4834661030273438 0.5428918242542153 0.4872623286132812 0.5444161316472115 0.4901757109375 0.5373808677042802 0.490234375 0.5360563229571984 0.490234375 0.5293316828793775 0.4727837001953125 0.5248346472114137 0.4734016904296875 0.5473474915693903 0.47225399462890627 0.5535619747081713 0.47454938671875 0.5657564319066148 0.479007556640625 0.5713359273670557 0.47947830908203126 0.5713359273670557 0.48320125 0.5695085726329443 0.48240669091796873 0.560831747081712
2 0.4638671875 0.5926800869001297 0.4638671875 0.5861990583657588 0.46213107861328123 0.5824521258106355 0.45957083349609373 0.580341546692607 0.455421470703125 0.5799897833981842 0.44897671533203126 0.5851489766536965 0.44703446044921874 0.5954673638132296 0.446952224609375 0.603112840466926 0.4513456435546875 0.603112840466926 0.4638671875 0.5926800869001297
9 0.4056187353515625 0.6421295350194552 0.39560140771484376 0.6536360998702984 0.38978052880859376 0.6577712717250325 0.38098152490234377 0.6669405654993515 0.3781387700195312 0.6820429325551232 0.3858548193359375 0.7048762723735409 0.39054427099609373 0.7328145265888456 0.39138034716796877 0.7328145265888456 0.41265793798828126 0.7250127607003891 0.43160963818359377 0.7192594779507133 0.437430517578125 0.7072135440985733 0.43039131494140626 0.6788067101167315 0.42416432763671874 0.6473434474708171 0.41522995458984374 0.6304431796368353 0.4079200131835938 0.6297240194552529 0.4056187353515625 0.6421295350194552
8 0.2560907451171875 0.7350864831387809 0.2508113427734375 0.7516271699092089 0.2471563720703125 0.7748200901426718 0.2498637578125 0.7899224565499352 0.2617762553710937 0.8111376861219196 0.2674972915039063 0.8138780804150454 0.27108580126953125 0.8138780804150454 0.2793742626953125 0.8043056627756161 0.282217017578125 0.7926193080415045 0.2865488349609375 0.8003502814526589 0.28993306689453124 0.8073620946822309 0.3044175805664063 0.8096993651102464 0.31005859375 0.8060404403372244 0.31005859375 0.8052357749675746 0.30685422802734375 0.7929788878080415 0.3008979794921875 0.7922597276264592 0.298325962890625 0.7744605103761348 0.2946709921875 0.7568410823605707 0.28885011279296874 0.7455143073929961 0.27978037060546873 0.7334683722438391 0.2636714252929688 0.7230405479896239 0.2560907451171875 0.7350864831387809
2 0.7036328500976563 0.5317769130998703 0.7038786318359375 0.5317769130998703 0.7117970874023437 0.4872825051880675 0.7191457065429687 0.46450909533073925 0.7179209365234375 0.4425490220492866 0.736292482421875 0.4157089312581064 0.73779296875 0.4017588897535668 0.73779296875 0.3983443274967574 0.7246571704101562 0.38724216861219196 0.687301693359375 0.3945621932555123 0.6640310678710938 0.408388906614786 0.6511709858398438 0.43116231647211417 0.6609691430664062 0.46450909533073925 0.67995307421875 0.4840291608300908 0.6824026142578125 0.506802570687419 0.7036328500976563 0.5317769130998703
2 0.6901414604492188 0.6840170953307393 0.6950405390625 0.657177004539559 0.7109625458984375 0.6636836932555124 0.72900390625 0.6477093287937743 0.72900390625 0.6467476290531777 0.717698779296875 0.6238302263294423 0.6981024638671876 0.5994301439688716 0.6840176118164063 0.5921101193255512 0.6754442231445312 0.6100035129701686 0.660746986328125 0.6693770460440986 0.6405382856445313 0.6701903819714656 0.6350268217773437 0.6360302671854734 0.640537208984375 0.582360570687419 0.6404988154296875 0.582360570687419 0.6191048154296875 0.5880434390402075 0.6099190419921875 0.6230168897535668 0.6191048154296875 0.6360302671854734 0.614205736328125 0.6718170531776914 0.6350268217773437 0.6872704390402076 0.6734325166015624 0.6880674448767834 0.6742833920898438 0.6880674448767834 0.6901414604492188 0.6840170953307393
2 0.8285663837890626 0.4092088197146563 0.8330078125 0.3908568015564202 0.8330078125 0.36263177496757454 0.8326831044921875 0.35379095914396885 0.8179858681640625 0.347284271076524 0.8008390913085938 0.3480976070038911 0.791653318359375 0.38225772178988326 0.80022670703125 0.3879510745784695 0.802063861328125 0.40665780415045394 0.82271176953125 0.4092088197146563 0.8285663837890626 0.4092088197146563
2 0.85498046875 0.3745441582360571 0.8475709467773438 0.3472923728923476 0.8322613247070313 0.3505457172503243 0.8359356337890625 0.3773858080415045 0.8371357202148437 0.41245136186770426 0.8380202133789062 0.41245136186770426 0.8487957163085937 0.4034125616083009 0.85498046875 0.3787698125810635 0.85498046875 0.3745441582360571
2 0.8837890625 0.3397174319066148 0.8706705581054688 0.3366872957198444 0.862097169921875 0.35946070622568094 0.8614847846679687 0.3781674357976654 0.8693352626953125 0.40142671854734113 0.8696243291015625 0.40142671854734113 0.88230587109375 0.3781674357976654 0.8837890625 0.35502118093385215 0.8837890625 0.3397174319066148